0 0.47474 0.20787 0.0458333 0.0523148 0.575195 
1 0.439193 0.584144 0.0296875 0.0881944 0.683594 
0 0.396224 0.54213 0.0507812 0.0416667 0.776367 
0 0.482422 0.483333 0.0393229 0.0685185 0.787109 
1 0.301139 0.519097 0.0181641 0.0951389 0.808105 
0 0.4014 0.625116 0.0534505 0.0356481 0.815918 
1 0.529102 0.145139 0.047526 0.0324074 0.853027 
0 0.479167 0.589236 0.0434896 0.0622685 0.860352 
1 0.639486 0.325694 0.0470703 0.0375 0.867676 
1 0.516829 0.705093 0.0335286 0.075 0.871094 
1 0.502865 0.208507 0.0380208 0.0663194 0.875977 
1 0.458464 0.526389 0.0539063 0.0324074 0.879883 
1 0.326042 0.366435 0.0179687 0.0925926 0.888672 
1 0.416146 0.649479 0.0494792 0.0320602 0.890137 
1 0.560937 0.216377 0.0276042 0.0681713 0.89502 
0 0.54375 0.173264 0.0510417 0.0342593 0.908691 
1 0.48737 0.549537 0.0520833 0.0324074 0.911621 
0 0.636947 0.398611 0.0245443 0.100463 0.912109 
1 0.481641 0.137616 0.0486979 0.0361111 0.913574 
1 0.501302 0.578241 0.0494792 0.0319444 0.914062 
0 0.391797 0.569444 0.0492187 0.0472222 0.919434 
1 0.473828 0.464598 0.0401042 0.0661748 0.923828 
0 0.546354 0.771991 0.0546875 0.0453704 0.928223 
1 0.320052 0.484838 0.0270833 0.0803241 0.928711 
0 0.576628 0.414583 0.0270833 0.0916667 0.929199 
0 0.331966 0.507986 0.034375 0.08125 0.929688 
0 0.535677 0.514699 0.0520833 0.0384259 0.931641 
1 0.442188 0.318287 0.0455729 0.0444444 0.932129 
0 0.300732 0.369213 0.0394206 0.0712963 0.932617 
0 0.485156 0.708333 0.0515625 0.0537037 0.933594 
1 0.388281 0.3625 0.0463542 0.0643519 0.93457 
0 0.539062 0.334259 0.0229167 0.0921296 0.937988 
0 0.381966 0.650174 0.0490885 0.0695602 0.937988 
1 0.501823 0.498611 0.0484375 0.0425926 0.94043 
0 0.540104 0.576042 0.0234375 0.0983796 0.94043 
0 0.517188 0.621528 0.0317708 0.0851852 0.940918 
0 0.602148 0.447512 0.0423177 0.0803241 0.941406 
0 0.350781 0.539815 0.046224 0.0537037 0.943359 
0 0.430078 0.509259 0.0494792 0.0606481 0.947266 
1 0.55651 0.471933 0.0421875 0.0591435 0.949707 
1 0.535417 0.261806 0.025 0.087963 0.953613 
