1 0.471224 0.210243 0.0489583 0.0559028 0.432861 
1 0.483464 0.380093 0.0335937 0.0773148 0.611816 
1 0.445833 0.717361 0.0294271 0.075 0.664062 
1 0.485417 0.292593 0.05625 0.0634259 0.715332 
1 0.4125 0.49213 0.0401042 0.0648148 0.738281 
1 0.410677 0.827315 0.0513021 0.0476852 0.75 
0 0.459766 0.415278 0.0421875 0.0810185 0.757812 
0 0.551872 0.229456 0.0387044 0.0693287 0.758789 
0 0.486458 0.613657 0.0502604 0.0543981 0.771973 
0 0.347266 0.614641 0.0283854 0.0892361 0.785156 
0 0.549219 0.353704 0.0463542 0.0652778 0.785645 
1 0.452214 0.613426 0.0463542 0.0648148 0.801758 
1 0.324219 0.594792 0.0197917 0.0888889 0.806152 
0 0.582552 0.335185 0.0415365 0.0814815 0.809082 
0 0.63151 0.3625 0.0450521 0.0606481 0.811035 
1 0.522392 0.631134 0.0315837 0.0747685 0.812012 
1 0.453385 0.668519 0.0242188 0.074537 0.818359 
1 0.588607 0.535648 0.0282552 0.0712963 0.820801 
0 0.416406 0.779167 0.0322917 0.0824074 0.822266 
0 0.425781 0.45421 0.0322917 0.077228 0.826172 
1 0.398828 0.401389 0.0239583 0.0893519 0.830078 
0 0.409505 0.19919 0.0346354 0.0708333 0.834961 
0 0.430859 0.395833 0.0502604 0.0597222 0.834961 
1 0.602409 0.555093 0.024349 0.0731481 0.844238 
0 0.604036 0.288657 0.0416667 0.0800926 0.844238 
0 0.627409 0.612616 0.0347656 0.0780093 0.845215 
1 0.416406 0.634317 0.0268229 0.0855324 0.848633 
1 0.375228 0.428704 0.0279297 0.1 0.850586 
1 0.520573 0.470486 0.040625 0.072338 0.852051 
0 0.4125 0.531453 0.0471354 0.0792245 0.858887 
1 0.330127 0.714352 0.0418294 0.074537 0.858887 
1 0.538021 0.767824 0.04375 0.0652778 0.861328 
1 0.361784 0.316435 0.0402344 0.0634259 0.864258 
0 0.559375 0.4125 0.0324219 0.075 0.865234 
1 0.488281 0.7625 0.0320312 0.0763889 0.865723 
1 0.290885 0.662037 0.0354167 0.075 0.866211 
0 0.642969 0.443128 0.0432292 0.0713831 0.878906 
1 0.515234 0.216493 0.0315104 0.0730324 0.879395 
0 0.289844 0.53287 0.0432292 0.0564815 0.879883 
1 0.294271 0.442014 0.0416667 0.0688657 0.882812 
1 0.278105 0.59838 0.030835 0.0868056 0.889648 
