0 0.569792 0.251215 0.0270833 0.0623843 0.748535 
0 0.322656 0.66713 0.0213542 0.0680556 0.771484 
0 0.598893 0.528935 0.0572917 0.0511574 0.784668 
0 0.649772 0.307639 0.0556641 0.0361111 0.855957 
0 0.342253 0.43287 0.027474 0.106481 0.881836 
0 0.607096 0.43941 0.0386719 0.0635417 0.888184 
0 0.402474 0.816898 0.0638021 0.062037 0.908691 
0 0.441927 0.553241 0.0627604 0.0574074 0.910156 
0 0.360482 0.718287 0.0273438 0.106481 0.912109 
0 0.322347 0.265972 0.0480143 0.0439815 0.912598 
0 0.49681 0.774769 0.0621094 0.0578704 0.915039 
0 0.707422 0.518866 0.0429688 0.0796296 0.915527 
0 0.304427 0.646354 0.025 0.0994213 0.916016 
0 0.693368 0.345139 0.0407389 0.0680556 0.916504 
0 0.590951 0.36713 0.0321615 0.10787 0.916992 
0 0.635677 0.353935 0.0546875 0.0597222 0.918945 
0 0.394922 0.704398 0.0302083 0.112037 0.919434 
0 0.495703 0.157292 0.0539063 0.0636574 0.921387 
0 0.541667 0.462681 0.0619792 0.0563513 0.92334 
0 0.314063 0.465394 0.0380208 0.0766204 0.923828 
0 0.459896 0.614815 0.0330729 0.0884259 0.925293 
0 0.347135 0.253472 0.0316406 0.0916667 0.927246 
0 0.546224 0.614352 0.0291667 0.0967593 0.927246 
0 0.498177 0.481481 0.0265625 0.112963 0.927246 
0 0.546094 0.783333 0.0354167 0.105556 0.928223 
0 0.422266 0.669907 0.0518229 0.062963 0.928711 
0 0.53418 0.2239 0.0472656 0.0628472 0.929688 
0 0.48099 0.360648 0.0565104 0.0662037 0.930176 
0 0.35957 0.467477 0.0313802 0.0983796 0.931152 
0 0.424089 0.381713 0.0359375 0.0962963 0.933105 
0 0.338802 0.658796 0.0518229 0.0819444 0.936035 
0 0.419661 0.172801 0.0283854 0.09375 0.936523 
0 0.388704 0.167245 0.0465495 0.0497685 0.938477 
0 0.56416 0.49728 0.0535807 0.0674769 0.938965 
0 0.458854 0.319676 0.0492187 0.0666667 0.939453 
0 0.466406 0.485258 0.0554687 0.0843461 0.939453 
0 0.41276 0.306944 0.0484375 0.0722222 0.943359 
0 0.486849 0.271065 0.0492187 0.0759259 0.943848 
0 0.398698 0.437731 0.0296875 0.104167 0.944336 
