1 0.383594 0.442245 0.0348958 0.10625 0.543945 
0 0.611393 0.366435 0.0320312 0.108796 0.586426 
0 0.32474 0.541435 0.0171875 0.0856481 0.598633 
0 0.44987 0.478588 0.0567708 0.0883102 0.687012 
0 0.569531 0.887037 0.0276042 0.0657407 0.748047 
0 0.447917 0.888889 0.0604167 0.0518519 0.783691 
0 0.427604 0.362963 0.0630208 0.0444444 0.875488 
0 0.346224 0.247222 0.0265625 0.116204 0.897949 
0 0.306771 0.29838 0.0416667 0.0888889 0.898438 
0 0.550521 0.862963 0.0583333 0.0537037 0.898438 
0 0.355534 0.752315 0.0227865 0.101852 0.898926 
0 0.400814 0.330556 0.0639974 0.0722222 0.899414 
0 0.311458 0.617477 0.0442708 0.0789352 0.900391 
0 0.657031 0.728241 0.0265625 0.118519 0.903809 
0 0.310937 0.568056 0.0447917 0.05 0.905762 
1 0.39362 0.54213 0.0335937 0.100926 0.907227 
0 0.513725 0.458015 0.0260661 0.102373 0.907715 
0 0.592839 0.771528 0.0247396 0.110185 0.908203 
0 0.408105 0.83287 0.0598307 0.0490741 0.914062 
1 0.439974 0.241667 0.0359375 0.108796 0.915527 
0 0.660677 0.545486 0.0385417 0.107176 0.916504 
0 0.50293 0.295833 0.0550781 0.0930556 0.916992 
0 0.541431 0.298148 0.0572428 0.0842593 0.918945 
0 0.379655 0.651447 0.0391276 0.104977 0.919434 
0 0.3 0.367361 0.0520833 0.0814815 0.922363 
0 0.578988 0.495833 0.0573893 0.075 0.924316 
0 0.708236 0.472902 0.0442708 0.109983 0.924316 
0 0.483594 0.724074 0.0625 0.0717593 0.924805 
1 0.644531 0.161574 0.0526042 0.074537 0.925293 
0 0.62168 0.486834 0.0311198 0.116609 0.926758 
0 0.599544 0.239815 0.0584635 0.0787037 0.927734 
0 0.542448 0.38912 0.059375 0.0657407 0.929199 
0 0.645312 0.329167 0.0322917 0.106481 0.932617 
0 0.338867 0.54456 0.0467448 0.0895833 0.937012 
0 0.422266 0.668345 0.0401042 0.114236 0.939453 
