1 0.323698 0.617072 0.0192708 0.0778935 0.824219 
0 0.589063 0.656887 0.0644531 0.0436343 0.85791 
0 0.592057 0.293056 0.0440104 0.0958333 0.870117 
0 0.512044 0.463947 0.0243815 0.0606481 0.87207 
0 0.640267 0.418981 0.0236328 0.104167 0.877441 
0 0.397754 0.599653 0.0576172 0.0416667 0.887207 
0 0.47474 0.81088 0.0697917 0.0518519 0.891602 
1 0.674089 0.252778 0.0239583 0.103704 0.892578 
0 0.561979 0.803704 0.028125 0.110185 0.902344 
1 0.509505 0.177315 0.0585938 0.0407407 0.904297 
0 0.46875 0.270833 0.0388021 0.100463 0.907227 
1 0.514128 0.418287 0.0623698 0.0425926 0.908691 
0 0.371549 0.718519 0.0589844 0.049537 0.90918 
1 0.629264 0.648669 0.0539714 0.0452546 0.912109 
1 0.36888 0.316667 0.0651042 0.0476852 0.914551 
1 0.475911 0.892593 0.0216146 0.0953704 0.914551 
1 0.360807 0.276852 0.0541667 0.0388889 0.91748 
1 0.617839 0.581829 0.0471354 0.062037 0.91748 
1 0.616927 0.840278 0.0453125 0.0546296 0.918945 
1 0.473438 0.659491 0.0473958 0.0833333 0.918945 
0 0.539323 0.913426 0.0619792 0.0435185 0.924316 
1 0.318685 0.293287 0.0371094 0.105556 0.925781 
0 0.548958 0.622627 0.0552083 0.0760417 0.925781 
1 0.679167 0.581134 0.0424479 0.0884259 0.926758 
0 0.457682 0.557407 0.0539063 0.0666667 0.927246 
1 0.660677 0.690509 0.0291667 0.106019 0.927734 
1 0.448307 0.244676 0.053125 0.0675926 0.927734 
1 0.440365 0.667824 0.021875 0.116667 0.928223 
0 0.493229 0.464583 0.059375 0.0587963 0.929199 
1 0.463281 0.186921 0.0554687 0.0641204 0.929199 
0 0.292448 0.403935 0.0494792 0.0689815 0.929199 
0 0.433724 0.508623 0.0552083 0.0825231 0.930664 
1 0.278711 0.473958 0.0363281 0.081713 0.931152 
1 0.340495 0.624363 0.0511719 0.0883102 0.931152 
1 0.393359 0.512847 0.0309896 0.105787 0.932617 
1 0.558594 0.420833 0.0359375 0.0972222 0.933105 
1 0.402865 0.23669 0.0351562 0.103472 0.938477 
1 0.423958 0.423148 0.0421875 0.0958333 0.938965 
