1 0.572135 0.608681 0.021875 0.0701389 0.476074 
0 0.476693 0.793519 0.0369792 0.102778 0.580566 
1 0.57526 0.496412 0.0166667 0.0775463 0.686523 
0 0.44974 0.622222 0.0575521 0.0648148 0.74707 
1 0.509408 0.721065 0.0190104 0.0791667 0.76123 
1 0.351693 0.806944 0.0300781 0.0888889 0.778809 
1 0.369531 0.876273 0.0328125 0.0724537 0.778809 
1 0.391667 0.538889 0.0570312 0.0509259 0.802734 
1 0.353776 0.722454 0.0539063 0.0481481 0.814453 
1 0.425781 0.588889 0.0598958 0.056713 0.82959 
1 0.331641 0.681944 0.0570312 0.0527778 0.836914 
1 0.476562 0.254109 0.0260417 0.096875 0.840332 
1 0.638281 0.329167 0.0614583 0.0523148 0.84082 
1 0.298372 0.678414 0.0339844 0.0811343 0.842285 
1 0.253841 0.606944 0.031901 0.0842593 0.842773 
0 0.404167 0.473438 0.0494792 0.0969907 0.848633 
1 0.452083 0.836111 0.04375 0.0671296 0.850586 
1 0.459375 0.893519 0.0429688 0.075 0.85791 
1 0.538997 0.394444 0.066276 0.0652778 0.86084 
1 0.357812 0.45081 0.0557292 0.0659722 0.861328 
1 0.320703 0.398148 0.0529948 0.0740741 0.863281 
1 0.284245 0.572454 0.044401 0.0842593 0.865723 
0 0.331836 0.774306 0.050651 0.0671296 0.875977 
1 0.501432 0.803241 0.0325521 0.0921296 0.880859 
1 0.496159 0.720139 0.0477865 0.0805556 0.883301 
1 0.414974 0.660243 0.05625 0.0711806 0.883789 
1 0.347266 0.514468 0.0360677 0.094213 0.886719 
1 0.586719 0.609144 0.0536458 0.0738426 0.888184 
1 0.590283 0.49401 0.0480794 0.0828125 0.900391 
