1 0.349023 0.215162 0.0393229 0.0627315 0.57959 
0 0.576497 0.522193 0.0466146 0.0542245 0.837891 
0 0.633203 0.249074 0.0356771 0.0768519 0.862793 
0 0.454818 0.137731 0.0440104 0.0342593 0.865723 
1 0.27474 0.469676 0.0197917 0.0875 0.872559 
0 0.401693 0.347917 0.053125 0.0416667 0.881348 
0 0.377799 0.722685 0.0529948 0.0444444 0.887207 
0 0.422135 0.164352 0.0424479 0.0407407 0.88916 
0 0.297729 0.37338 0.0419108 0.0430556 0.898926 
0 0.494401 0.158449 0.028125 0.0780093 0.899414 
0 0.636589 0.496296 0.0481771 0.0416667 0.90625 
0 0.66901 0.654398 0.0216146 0.0851852 0.909668 
0 0.417969 0.243056 0.0216146 0.0787037 0.911133 
0 0.582031 0.801852 0.0231771 0.0875 0.911133 
0 0.68737 0.50787 0.0270833 0.0898148 0.913086 
0 0.377865 0.20162 0.0453125 0.0523148 0.914551 
0 0.633822 0.729167 0.0448568 0.05 0.916992 
0 0.328971 0.294676 0.0315104 0.0768519 0.92041 
0 0.393783 0.761806 0.0455078 0.0578704 0.921875 
0 0.413542 0.453921 0.0283854 0.093316 0.921875 
0 0.614974 0.568981 0.0291667 0.0965278 0.924316 
0 0.404427 0.202315 0.0289063 0.0740741 0.925293 
0 0.373763 0.410648 0.027474 0.0916667 0.925781 
0 0.309635 0.46998 0.0302083 0.0864294 0.927246 
0 0.381706 0.572222 0.0345052 0.0872685 0.929688 
0 0.354427 0.477778 0.0276042 0.0872685 0.930176 
0 0.598307 0.446354 0.0389323 0.0777778 0.930176 
0 0.549886 0.221123 0.0510091 0.0609954 0.930664 
0 0.483203 0.409028 0.0513021 0.0625 0.933105 
0 0.32098 0.60544 0.0460612 0.05625 0.933594 
0 0.539714 0.406019 0.0354167 0.0953704 0.93457 
0 0.488542 0.534259 0.0455729 0.0657407 0.935059 
0 0.469792 0.256539 0.0484375 0.0549769 0.939453 
0 0.478385 0.665278 0.0432292 0.0819444 0.940918 
0 0.537695 0.696065 0.0440755 0.0814815 0.941895 
