1 0.374251 0.622164 0.0475911 0.0751157 0.619629 
0 0.647786 0.385648 0.0518229 0.0546296 0.780273 
1 0.49349 0.565278 0.0359375 0.0546296 0.831055 
1 0.401335 0.367361 0.0410807 0.0861111 0.867676 
0 0.614518 0.271065 0.046224 0.0490741 0.874023 
1 0.383594 0.701157 0.0257812 0.0972222 0.888672 
1 0.442708 0.101505 0.0492187 0.0354167 0.892578 
0 0.40026 0.135532 0.0335937 0.0863426 0.900391 
0 0.559554 0.264352 0.0543294 0.0518519 0.901367 
0 0.445052 0.814815 0.0450521 0.074537 0.901367 
1 0.356641 0.830093 0.049349 0.0412037 0.901855 
0 0.455729 0.639525 0.0421875 0.0880787 0.901855 
0 0.579688 0.459722 0.0303385 0.0925926 0.902832 
1 0.595703 0.345833 0.021875 0.0944444 0.904785 
0 0.608496 0.857755 0.0533203 0.0594907 0.905762 
1 0.499805 0.386574 0.0514323 0.0453704 0.90625 
0 0.438672 0.743519 0.0567708 0.049537 0.910156 
1 0.432031 0.232639 0.0351562 0.0763889 0.910645 
1 0.465885 0.805556 0.0432292 0.0666667 0.911621 
1 0.630339 0.60787 0.0549479 0.0416667 0.915039 
1 0.486068 0.512963 0.0268229 0.0990741 0.915527 
1 0.569336 0.833333 0.0561198 0.0421296 0.916504 
1 0.57404 0.580324 0.0495768 0.0469907 0.919922 
0 0.482812 0.127865 0.046875 0.054919 0.921875 
0 0.641406 0.277778 0.0455729 0.049537 0.921875 
1 0.532593 0.199537 0.0513509 0.0449074 0.922363 
0 0.291667 0.547685 0.0395833 0.0844907 0.92334 
1 0.395313 0.863542 0.0307292 0.0738426 0.92334 
1 0.673438 0.516782 0.0367188 0.0694444 0.925293 
0 0.704004 0.511458 0.0300781 0.0863426 0.925781 
1 0.46888 0.240972 0.0330729 0.0837963 0.926758 
1 0.535018 0.538571 0.0511882 0.0508681 0.930176 
1 0.385579 0.316435 0.0460286 0.0583333 0.932617 
0 0.609147 0.505874 0.0499349 0.0595486 0.933105 
0 0.434375 0.301852 0.0536458 0.0569444 0.933594 
0 0.303906 0.402083 0.0510417 0.0703704 0.936523 
1 0.347982 0.490162 0.0559896 0.0530093 0.938965 
