0 0.611491 0.645833 0.0488932 0.0777778 0.730469 
0 0.52242 0.575926 0.0452637 0.0333333 0.781738 
0 0.379753 0.493461 0.061849 0.0390046 0.86084 
0 0.595703 0.589468 0.059375 0.0451389 0.872559 
0 0.58763 0.708796 0.024349 0.10463 0.878418 
0 0.578125 0.53044 0.0497396 0.0918981 0.880859 
0 0.365039 0.528241 0.0602865 0.0398148 0.881836 
1 0.388574 0.45787 0.057487 0.05 0.883301 
0 0.534701 0.458955 0.0654948 0.0515336 0.902344 
0 0.725651 0.665741 0.0291667 0.0912037 0.905762 
0 0.577214 0.676389 0.028125 0.102315 0.907715 
0 0.489323 0.449306 0.0614583 0.0532407 0.909668 
0 0.590755 0.421528 0.0276042 0.102315 0.910645 
0 0.330469 0.294907 0.0342448 0.0990741 0.911133 
0 0.726058 0.395602 0.0554362 0.05 0.914062 
0 0.560156 0.108275 0.0463542 0.0431713 0.916992 
0 0.449349 0.68559 0.0414062 0.107523 0.91748 
0 0.354102 0.742593 0.0628906 0.0560185 0.919434 
0 0.428385 0.518171 0.0471354 0.0997685 0.920898 
0 0.48112 0.649537 0.0325521 0.100926 0.922852 
0 0.581836 0.78588 0.0492187 0.0837963 0.922852 
0 0.342839 0.568056 0.0635417 0.0490741 0.92334 
0 0.545736 0.782407 0.0283203 0.105093 0.925293 
0 0.663542 0.278183 0.0286458 0.122338 0.92627 
0 0.528125 0.30787 0.0515625 0.0972222 0.928223 
0 0.454948 0.15136 0.0489583 0.0773727 0.930664 
0 0.642318 0.430483 0.0617188 0.0471933 0.931152 
0 0.504492 0.747222 0.0436198 0.0884259 0.931152 
1 0.532715 0.164005 0.0416016 0.094213 0.931152 
0 0.31276 0.467245 0.0416667 0.08125 0.931641 
0 0.592757 0.24809 0.0611003 0.0561343 0.932617 
0 0.457552 0.343519 0.0523438 0.0819444 0.933594 
0 0.391406 0.66875 0.0424479 0.103704 0.936035 
0 0.712174 0.55625 0.0371745 0.102546 0.937988 
0 0.485286 0.808102 0.0580729 0.0759259 0.938477 
0 0.523698 0.856134 0.040625 0.0914352 0.938965 
0 0.519792 0.597338 0.0572917 0.0743056 0.940918 
0 0.672656 0.476505 0.0559896 0.0701389 0.940918 
0 0.412109 0.368519 0.0455729 0.0935185 0.941895 
0 0.602474 0.332639 0.0610677 0.0763889 0.943848 
0 0.39987 0.222917 0.0536458 0.0763889 0.944824 
0 0.690299 0.672859 0.0470052 0.083912 0.947266 
