1 0.406771 0.42963 0.0390625 0.050463 0.709473 
0 0.58151 0.414352 0.046875 0.0583333 0.716309 
0 0.303223 0.5625 0.0358724 0.0611111 0.763184 
0 0.508073 0.730324 0.0494792 0.0601852 0.765137 
0 0.627018 0.355324 0.0425781 0.0689815 0.793457 
0 0.367285 0.51794 0.0406901 0.0847222 0.793945 
1 0.395182 0.4875 0.0263021 0.0712963 0.795898 
0 0.610026 0.435851 0.044401 0.0520833 0.811035 
0 0.34362 0.702083 0.0389323 0.0458333 0.812012 
0 0.473698 0.738426 0.0450521 0.0458333 0.814453 
0 0.626725 0.521644 0.032487 0.0729167 0.824707 
0 0.486589 0.384028 0.0270833 0.0875 0.825684 
0 0.379264 0.425434 0.0464193 0.0360532 0.829102 
0 0.524438 0.843287 0.0330241 0.0611111 0.832031 
1 0.600391 0.64838 0.0442708 0.0351852 0.834961 
0 0.586849 0.466782 0.0307292 0.0766204 0.835449 
0 0.618294 0.56794 0.0490885 0.0564815 0.836914 
0 0.677214 0.513281 0.0411458 0.0590856 0.838379 
0 0.509749 0.794213 0.0197266 0.0615741 0.841797 
0 0.640723 0.498611 0.0399089 0.0527778 0.841797 
0 0.642188 0.285185 0.0427083 0.0518519 0.84375 
0 0.486589 0.836574 0.0351562 0.0546296 0.844727 
0 0.394531 0.700463 0.0330729 0.074537 0.846191 
0 0.450651 0.487269 0.0513021 0.0484954 0.848633 
0 0.528906 0.564352 0.0255208 0.0564815 0.850098 
0 0.5158 0.54537 0.0254313 0.0824074 0.851562 
0 0.464714 0.626157 0.0466146 0.0541667 0.85498 
0 0.395313 0.283796 0.0341146 0.0694444 0.856934 
0 0.67474 0.587731 0.0419271 0.062037 0.859375 
0 0.414193 0.32338 0.0299479 0.0699074 0.861328 
0 0.649316 0.433297 0.0430339 0.0525029 0.861328 
0 0.559115 0.494907 0.0442708 0.0462963 0.864258 
0 0.467057 0.548611 0.0236979 0.0842593 0.867676 
0 0.522917 0.390741 0.0473958 0.0569444 0.870605 
0 0.536849 0.631481 0.0467448 0.0583333 0.873047 
0 0.548698 0.536574 0.0401042 0.0469907 0.873535 
0 0.4875 0.548148 0.0244792 0.0759259 0.874512 
0 0.533138 0.315509 0.049349 0.0625 0.876465 
0 0.445964 0.403704 0.0414062 0.0662037 0.878418 
0 0.52181 0.455671 0.0464844 0.0488426 0.881348 
1 0.352344 0.312963 0.0345052 0.0532407 0.884766 
0 0.314844 0.663889 0.0375 0.0532407 0.911133 
