1 0.387891 0.158449 0.0494792 0.0513889 0.805664 
1 0.232813 0.648148 0.0320312 0.118519 0.817871 
1 0.284375 0.810185 0.0296875 0.104167 0.83252 
0 0.468359 0.329861 0.0510417 0.105093 0.845703 
0 0.52181 0.347685 0.0636719 0.0611111 0.864746 
0 0.294572 0.213368 0.0454915 0.0788194 0.871582 
0 0.350456 0.193287 0.040625 0.0935185 0.880859 
0 0.403385 0.43125 0.0653646 0.0625 0.882324 
0 0.307552 0.344444 0.0515625 0.0578704 0.883789 
1 0.703654 0.576389 0.0532389 0.0768519 0.88623 
0 0.411198 0.17338 0.0486979 0.0872685 0.887695 
0 0.392578 0.270833 0.0653646 0.0560185 0.888184 
0 0.617806 0.615799 0.0539714 0.0980324 0.894531 
0 0.35293 0.6364 0.0358073 0.116088 0.89502 
0 0.661719 0.555208 0.0395833 0.113657 0.896973 
1 0.273104 0.358565 0.0471517 0.0685185 0.899414 
0 0.598112 0.340046 0.0433594 0.131019 0.901855 
1 0.426823 0.489236 0.0651042 0.0631944 0.911133 
0 0.578906 0.461632 0.0619792 0.0850694 0.921387 
1 0.35 0.285648 0.0446615 0.0800926 0.925293 
