0 0.644043 0.807639 0.0452474 0.0634259 0.661133 
0 0.552865 0.535909 0.0598958 0.0557292 0.66748 
1 0.640234 0.870486 0.0442708 0.0729167 0.802246 
1 0.721875 0.752778 0.0289063 0.0875 0.826172 
1 0.339176 0.531481 0.0456055 0.0398148 0.828613 
1 0.450521 0.82338 0.0523438 0.0435185 0.831055 
1 0.655501 0.791435 0.0462891 0.0625 0.834473 
1 0.748828 0.638889 0.0252604 0.0939815 0.835938 
1 0.695052 0.785185 0.0335937 0.0893519 0.843262 
1 0.680859 0.556481 0.05625 0.037963 0.862793 
1 0.328044 0.721991 0.0324544 0.101389 0.867188 
0 0.738932 0.581481 0.0502604 0.0509259 0.872559 
1 0.736068 0.485648 0.0403646 0.0627315 0.873047 
1 0.41276 0.834491 0.0315104 0.0935185 0.882324 
1 0.29231 0.330556 0.0295736 0.0865741 0.882324 
1 0.664062 0.740972 0.0434896 0.0666667 0.887695 
1 0.365169 0.410417 0.0277344 0.0958333 0.892578 
1 0.605013 0.641204 0.0292969 0.0972222 0.893066 
1 0.385807 0.463773 0.0398437 0.0909722 0.895508 
1 0.336458 0.500463 0.0510417 0.05 0.902344 
1 0.555208 0.234259 0.0369792 0.0856481 0.905273 
1 0.344792 0.568403 0.0432292 0.0775463 0.905762 
1 0.51875 0.780093 0.0484375 0.0736111 0.916016 
