1 0.517155 0.262963 0.0344401 0.0523148 0.573242 
1 0.512667 0.413194 0.0260335 0.0574074 0.606934 
0 0.374023 0.761806 0.0360677 0.0847222 0.789551 
0 0.495573 0.411574 0.0614583 0.0652778 0.790527 
1 0.367318 0.268981 0.0539063 0.0458333 0.800781 
0 0.691797 0.741204 0.0518229 0.0583333 0.803223 
1 0.339779 0.247627 0.0492187 0.0519676 0.803711 
0 0.336003 0.525463 0.0510417 0.0740741 0.808594 
1 0.69834 0.507697 0.0539714 0.0461806 0.814941 
1 0.447135 0.67662 0.0307292 0.0953704 0.823242 
0 0.419271 0.325 0.0510417 0.0847222 0.827637 
1 0.689876 0.609722 0.0461589 0.0456019 0.82959 
1 0.367969 0.830093 0.0338542 0.0791667 0.836914 
0 0.417318 0.240799 0.0570312 0.0730324 0.838867 
1 0.310156 0.49537 0.0458333 0.0435185 0.839355 
0 0.366504 0.458681 0.0531901 0.055787 0.842773 
0 0.577995 0.776157 0.0588542 0.0518519 0.842773 
1 0.415495 0.653646 0.0588542 0.0459491 0.843262 
0 0.352734 0.741435 0.0286458 0.0967593 0.844238 
1 0.718066 0.252083 0.0391276 0.0782407 0.856934 
1 0.458984 0.716204 0.0471354 0.0824074 0.857422 
1 0.476302 0.209954 0.0479167 0.0694444 0.866699 
1 0.41875 0.122946 0.0559896 0.0402199 0.866699 
0 0.632747 0.686516 0.031901 0.101042 0.870117 
1 0.48737 0.141319 0.0494792 0.0828704 0.871582 
0 0.358333 0.385417 0.0480469 0.0847222 0.871582 
1 0.395964 0.489352 0.0481771 0.0777778 0.873047 
1 0.508464 0.34838 0.0601563 0.0606481 0.873535 
0 0.378581 0.414583 0.0548177 0.0611111 0.876465 
1 0.570638 0.681481 0.0533854 0.0666667 0.882324 
1 0.630078 0.323148 0.0575521 0.0625 0.882812 
0 0.728971 0.582407 0.0378906 0.0877315 0.883789 
1 0.654167 0.540191 0.0372396 0.0992477 0.884766 
1 0.323714 0.579051 0.0458008 0.0789352 0.894043 
