0 0.368424 0.60706 0.0384115 0.0365741 0.613281 
0 0.401302 0.843981 0.0565104 0.0518519 0.72998 
0 0.374479 0.581597 0.0416667 0.0358796 0.782715 
0 0.355599 0.76875 0.019401 0.0689815 0.810547 
0 0.508105 0.407407 0.0165853 0.0574074 0.818848 
0 0.607878 0.328704 0.0425781 0.0430556 0.821777 
0 0.373112 0.774074 0.0240885 0.0773148 0.828613 
0 0.343945 0.579977 0.0174479 0.0756944 0.842773 
0 0.588346 0.775 0.0473958 0.0587963 0.850098 
0 0.634993 0.391204 0.0289714 0.0796296 0.853516 
1 0.397917 0.754398 0.0414062 0.0314815 0.853516 
1 0.629134 0.885069 0.0406901 0.0465278 0.857422 
0 0.543229 0.297685 0.0286458 0.0787037 0.858398 
0 0.650293 0.3125 0.0439453 0.0430556 0.867676 
0 0.445182 0.73125 0.0309896 0.0740741 0.870117 
0 0.452995 0.655845 0.0432292 0.0466435 0.871094 
0 0.571354 0.409722 0.0351562 0.0717593 0.879395 
0 0.569661 0.184491 0.0417969 0.0604167 0.880859 
0 0.595117 0.265278 0.0348958 0.0671296 0.881836 
0 0.600521 0.379398 0.0391927 0.062037 0.883789 
0 0.613021 0.443837 0.036849 0.0661458 0.888184 
0 0.397754 0.617824 0.0320964 0.0712963 0.888184 
0 0.533594 0.432024 0.0380208 0.0498409 0.889648 
1 0.329948 0.505064 0.0197917 0.0699653 0.890625 
0 0.494661 0.405324 0.0434896 0.0615741 0.891602 
1 0.594857 0.503356 0.0391927 0.0423611 0.893555 
1 0.533268 0.375694 0.0407552 0.0560185 0.908691 
0 0.621712 0.613773 0.0274089 0.0743056 0.913086 
0 0.557813 0.662731 0.04375 0.0662037 0.918945 
