1 0.553125 0.873611 0.0270833 0.087037 0.75 
0 0.467708 0.575 0.0395833 0.0361111 0.760254 
0 0.490495 0.627546 0.0390625 0.0671296 0.765625 
0 0.467448 0.610706 0.0372396 0.103588 0.825195 
0 0.573698 0.444213 0.0192708 0.0732639 0.842773 
0 0.71224 0.649769 0.0252604 0.0949074 0.844238 
0 0.495508 0.69375 0.053776 0.0319444 0.878418 
0 0.455599 0.787037 0.0528646 0.0486111 0.898926 
0 0.496224 0.662731 0.0549479 0.0513889 0.901855 
0 0.654167 0.638542 0.0570312 0.0488426 0.905273 
0 0.558854 0.232118 0.0270833 0.107986 0.905273 
0 0.420573 0.843287 0.0440104 0.0865741 0.907715 
0 0.641146 0.301389 0.0361979 0.0949074 0.910156 
0 0.617578 0.347454 0.040625 0.0921296 0.912109 
0 0.667839 0.672685 0.0505208 0.0435185 0.913574 
0 0.513802 0.173264 0.0395833 0.0810185 0.914551 
0 0.545247 0.68287 0.0235677 0.12037 0.916504 
0 0.416146 0.572338 0.0242188 0.101852 0.918457 
0 0.379753 0.224653 0.0613281 0.0618056 0.918945 
0 0.580078 0.424074 0.0296875 0.114815 0.918945 
0 0.563802 0.344907 0.0606771 0.0546296 0.92041 
0 0.566439 0.694676 0.0277995 0.101389 0.921387 
0 0.496289 0.740741 0.0626302 0.0625 0.926758 
0 0.645443 0.78287 0.0432292 0.0481481 0.927246 
0 0.345833 0.655787 0.0549479 0.0615741 0.928223 
0 0.701432 0.369213 0.0346354 0.087963 0.930176 
0 0.68099 0.394676 0.0484375 0.0481481 0.930664 
1 0.354492 0.482219 0.0313802 0.0992187 0.931641 
0 0.489453 0.169097 0.0434896 0.06875 0.932617 
0 0.338607 0.563426 0.0545573 0.0453704 0.933594 
0 0.601693 0.461198 0.0458333 0.0820023 0.93457 
0 0.602083 0.527315 0.0582031 0.0462963 0.935547 
1 0.376823 0.523669 0.0533854 0.0607639 0.9375 
0 0.643066 0.446528 0.0461589 0.078588 0.938477 
0 0.547917 0.47406 0.0270833 0.106742 0.939453 
0 0.530396 0.366204 0.0614746 0.062963 0.939941 
0 0.43763 0.750463 0.0484375 0.0546296 0.940918 
0 0.434766 0.528906 0.0492187 0.0796875 0.941406 
0 0.364746 0.605671 0.0546224 0.0574074 0.945801 
