0 0.323698 0.367824 0.0197917 0.0652778 0.453125 
0 0.510531 0.490394 0.0211263 0.0766204 0.462646 
0 0.315365 0.424479 0.0454427 0.036169 0.605469 
0 0.318229 0.393519 0.0307292 0.0787037 0.703613 
1 0.285417 0.474117 0.0265625 0.095978 0.744141 
0 0.400358 0.371759 0.0570964 0.0425926 0.752441 
1 0.420052 0.134028 0.0205729 0.0972222 0.774414 
0 0.395215 0.657002 0.0275391 0.110069 0.78125 
0 0.289787 0.414815 0.0184733 0.0939815 0.787109 
0 0.356901 0.356713 0.0466146 0.0615741 0.789062 
0 0.483724 0.555556 0.0591146 0.0407407 0.809082 
1 0.434245 0.583102 0.0570312 0.0472222 0.816895 
0 0.441276 0.329167 0.0638021 0.05 0.82373 
1 0.347656 0.529167 0.0226562 0.100926 0.835449 
1 0.316878 0.28588 0.0253581 0.099537 0.836426 
0 0.340316 0.375694 0.0495768 0.0740741 0.839844 
0 0.446875 0.440401 0.0606771 0.0494068 0.840332 
1 0.386719 0.50081 0.0494792 0.0555556 0.843262 
1 0.291243 0.565162 0.0343099 0.0796296 0.845703 
0 0.341406 0.760185 0.0502604 0.0476852 0.855469 
0 0.576693 0.232755 0.0566406 0.0752315 0.857422 
0 0.492318 0.488556 0.0596354 0.0775174 0.863281 
0 0.380566 0.167361 0.0516276 0.0935185 0.869141 
0 0.311979 0.526476 0.0416667 0.0484375 0.872559 
0 0.401855 0.475058 0.0514974 0.0721065 0.874512 
0 0.495443 0.361574 0.0401042 0.101389 0.876953 
0 0.483594 0.652083 0.0572917 0.0722222 0.877441 
0 0.318034 0.447454 0.0490885 0.0717593 0.880371 
