0 0.364323 0.232986 0.0173177 0.0655093 0.52832 
0 0.57526 0.172801 0.0161458 0.0601852 0.741699 
0 0.384082 0.500289 0.0185547 0.0677083 0.746582 
0 0.50651 0.816667 0.0229167 0.0574074 0.758789 
0 0.50026 0.338194 0.0166667 0.074537 0.765625 
1 0.523958 0.205787 0.0390625 0.037037 0.781738 
1 0.363542 0.428935 0.018099 0.0777778 0.799316 
0 0.547917 0.347222 0.0192708 0.0625 0.803223 
0 0.558333 0.210069 0.0322917 0.0381944 0.808105 
0 0.584961 0.305093 0.0372396 0.037037 0.81543 
0 0.405078 0.507263 0.0223958 0.0614005 0.835938 
0 0.358984 0.372685 0.0420573 0.037963 0.836914 
0 0.391667 0.161574 0.0388021 0.0414352 0.841309 
0 0.548535 0.17581 0.0416016 0.0354167 0.849121 
0 0.616602 0.304398 0.019401 0.0634259 0.849609 
0 0.611198 0.62037 0.0244792 0.0615741 0.850586 
0 0.576693 0.643924 0.0197917 0.0704861 0.854492 
0 0.416927 0.184954 0.0401042 0.0391204 0.858887 
0 0.557227 0.693056 0.0394531 0.0398148 0.859863 
0 0.592383 0.691898 0.0389323 0.0347222 0.860352 
0 0.529232 0.644734 0.0384115 0.0383102 0.863281 
1 0.560417 0.316898 0.0338542 0.0430556 0.864258 
0 0.527018 0.313194 0.0365885 0.0328704 0.866699 
0 0.573698 0.465379 0.0182292 0.0794271 0.869629 
0 0.516439 0.372454 0.0230469 0.0662037 0.871582 
0 0.374837 0.200926 0.033138 0.0402778 0.872559 
0 0.575895 0.733565 0.0310221 0.0569444 0.873535 
1 0.338086 0.327315 0.0311198 0.0560185 0.875 
0 0.344206 0.541898 0.030599 0.0627315 0.875 
1 0.387467 0.423148 0.0333984 0.0430556 0.876953 
0 0.420443 0.600694 0.0395833 0.044213 0.878906 
0 0.541341 0.274769 0.0384766 0.0402778 0.879395 
0 0.28619 0.469387 0.0201986 0.0697917 0.879395 
0 0.36237 0.523351 0.0263021 0.0588542 0.888184 
0 0.313135 0.372454 0.0272461 0.0708333 0.888672 
0 0.421354 0.284491 0.0304687 0.0625 0.892578 
0 0.314844 0.45625 0.0359375 0.0458333 0.894043 
0 0.479948 0.715278 0.0213542 0.0717593 0.897461 
0 0.564583 0.540972 0.0364583 0.0342593 0.903809 
1 0.517383 0.774537 0.038151 0.0337963 0.921387 
