0 0.677458 0.563426 0.0213216 0.0583333 0.476807 
0 0.514864 0.530324 0.0289307 0.0662037 0.565918 
0 0.461979 0.727315 0.0421875 0.0912037 0.597168 
1 0.522347 0.214988 0.0232747 0.108912 0.754395 
0 0.498958 0.523148 0.0583333 0.0740741 0.777832 
0 0.586198 0.425658 0.0382813 0.038151 0.843262 
0 0.582536 0.852778 0.0388346 0.0851852 0.859375 
0 0.626953 0.221528 0.0557292 0.0574074 0.88623 
0 0.563208 0.241667 0.0601725 0.0421296 0.888672 
0 0.633984 0.617824 0.0263021 0.100926 0.891113 
0 0.509701 0.584028 0.0550781 0.0657407 0.894531 
0 0.301563 0.368056 0.0265625 0.107407 0.895996 
0 0.519889 0.112269 0.0307292 0.0900463 0.897461 
0 0.555208 0.667072 0.0338542 0.104745 0.897949 
0 0.541667 0.430556 0.0333333 0.100926 0.898926 
1 0.534831 0.366667 0.060026 0.0393519 0.900391 
1 0.445573 0.856829 0.0518229 0.0530093 0.900879 
0 0.536092 0.859491 0.0528158 0.0569444 0.901367 
0 0.647786 0.185301 0.046875 0.0768519 0.904785 
0 0.311686 0.547135 0.0564453 0.0524884 0.905273 
0 0.585156 0.396528 0.0404948 0.0930556 0.905762 
0 0.380729 0.201157 0.0364583 0.0953704 0.905762 
0 0.61901 0.436921 0.0291667 0.116898 0.907715 
0 0.272396 0.343519 0.0322917 0.0949074 0.90918 
0 0.596159 0.374306 0.0382813 0.0958333 0.910156 
0 0.670182 0.581481 0.0375 0.0976852 0.910645 
0 0.582031 0.492491 0.0602865 0.0541377 0.91748 
0 0.411198 0.297685 0.0640625 0.0583333 0.91748 
0 0.499089 0.754167 0.0338542 0.0930556 0.92041 
0 0.311719 0.443056 0.0386719 0.100926 0.921875 
0 0.55625 0.745602 0.0536458 0.0634259 0.922852 
0 0.43099 0.118519 0.040625 0.09375 0.923828 
0 0.551253 0.901389 0.0508789 0.0638889 0.925293 
0 0.343359 0.540278 0.0372396 0.10463 0.925293 
0 0.513672 0.485648 0.0507812 0.0740741 0.925293 
0 0.55026 0.302778 0.0338542 0.101852 0.927734 
0 0.468229 0.432292 0.0609375 0.0835648 0.929199 
0 0.71263 0.532639 0.0424479 0.0675926 0.931641 
0 0.597656 0.577662 0.0434896 0.0935185 0.932129 
0 0.321077 0.776852 0.0518555 0.0805556 0.933594 
0 0.561979 0.584375 0.0498698 0.0761574 0.935547 
0 0.397005 0.444705 0.0541667 0.0750579 0.938477 
0 0.479036 0.340509 0.0515625 0.0833333 0.941406 
