1 0.605859 0.153935 0.0348958 0.0891204 0.585938 
1 0.416667 0.143403 0.0244792 0.0858796 0.72998 
1 0.643099 0.179977 0.0242188 0.0923611 0.771973 
1 0.383561 0.281944 0.0399089 0.0782407 0.781738 
1 0.417578 0.759954 0.0526042 0.0453704 0.794922 
1 0.321094 0.312269 0.0244792 0.0597222 0.80127 
1 0.635938 0.840972 0.0315104 0.0768519 0.805664 
1 0.576628 0.860069 0.0558594 0.0465278 0.810547 
0 0.354622 0.341898 0.0354167 0.0842593 0.817383 
1 0.367285 0.757639 0.0357422 0.0856481 0.835449 
1 0.608724 0.77037 0.0450521 0.0638889 0.838867 
1 0.410059 0.836806 0.0548828 0.0439815 0.843262 
1 0.642448 0.679861 0.0453125 0.0763889 0.856445 
1 0.572526 0.742593 0.0550781 0.0453704 0.858398 
1 0.584245 0.249306 0.0509115 0.0680556 0.863281 
1 0.313802 0.747222 0.0364583 0.0648148 0.868652 
1 0.5625 0.186806 0.0427083 0.0657407 0.869629 
0 0.660905 0.534606 0.0620443 0.0578704 0.872559 
0 0.719141 0.391435 0.0453125 0.0574074 0.873047 
1 0.692635 0.456019 0.0505371 0.0444444 0.875 
1 0.500716 0.14213 0.0428385 0.0789352 0.87793 
1 0.525846 0.833565 0.036849 0.0685185 0.88623 
1 0.482943 0.832176 0.0429688 0.0763889 0.886719 
0 0.517122 0.931019 0.0558594 0.0490741 0.891113 
0 0.620378 0.446427 0.0514323 0.0733507 0.902344 
1 0.68877 0.284491 0.0430339 0.0597222 0.904297 
