1 0.503581 0.968056 0.0402344 0.062963 0.62793 
1 0.583203 0.671123 0.0378906 0.107755 0.654297 
1 0.570833 0.531481 0.025 0.0574074 0.680176 
1 0.265092 0.296759 0.0207926 0.0861111 0.695312 
1 0.51543 0.445501 0.024349 0.0765914 0.710449 
1 0.446354 0.521296 0.0645833 0.0444444 0.716797 
1 0.331527 0.325463 0.0299154 0.0916667 0.722656 
1 0.349089 0.233507 0.0384115 0.0903935 0.750977 
0 0.39209 0.65978 0.0366536 0.102662 0.755859 
1 0.233333 0.579427 0.0364583 0.114294 0.767578 
1 0.586377 0.533333 0.0566732 0.0710648 0.768555 
1 0.281637 0.282176 0.03243 0.0773148 0.768555 
1 0.379297 0.239815 0.0302083 0.108796 0.769531 
1 0.240234 0.320602 0.0442708 0.050463 0.787109 
1 0.397526 0.476273 0.0580729 0.0469907 0.791992 
1 0.446615 0.383333 0.0598958 0.0393519 0.791992 
1 0.46875 0.293056 0.0325521 0.109722 0.793457 
1 0.358594 0.518171 0.0278646 0.107639 0.797363 
1 0.465104 0.700463 0.0393229 0.099537 0.803711 
1 0.52393 0.275174 0.0268799 0.0885417 0.80957 
1 0.238802 0.349306 0.0453125 0.0555556 0.810547 
0 0.345768 0.340046 0.0296875 0.0856481 0.813477 
1 0.501107 0.377083 0.0483073 0.0685185 0.815918 
1 0.445312 0.351852 0.0578125 0.0425926 0.817383 
1 0.371289 0.579051 0.033724 0.100926 0.827148 
1 0.221484 0.729398 0.0294271 0.1125 0.833008 
1 0.337109 0.766898 0.0316406 0.111574 0.833496 
1 0.525521 0.337269 0.0484375 0.0768519 0.833984 
1 0.304395 0.639294 0.0340495 0.105671 0.834961 
1 0.560872 0.364352 0.0339844 0.118519 0.836426 
1 0.271419 0.38588 0.0332031 0.105093 0.837402 
1 0.560417 0.484823 0.0463542 0.068316 0.84082 
1 0.29375 0.341898 0.0354167 0.0800926 0.848633 
1 0.299121 0.284722 0.0304036 0.0814815 0.851074 
1 0.539811 0.422569 0.0298177 0.107639 0.851074 
0 0.365951 0.359722 0.035026 0.0907407 0.854492 
0 0.306673 0.439468 0.0370443 0.0969907 0.859375 
1 0.40026 0.427546 0.0520833 0.0662037 0.862793 
1 0.564974 0.794444 0.0523438 0.0439815 0.86377 
1 0.47526 0.609491 0.0481771 0.0731481 0.869629 
0 0.527238 0.822222 0.0515137 0.0643519 0.886719 
