0 0.579232 0.851736 0.0394531 0.0965278 0.780762 
1 0.349674 0.205556 0.030599 0.0585648 0.819336 
0 0.529753 0.296759 0.0602865 0.0601852 0.821289 
0 0.334375 0.224537 0.0322917 0.0486111 0.821777 
1 0.400749 0.250752 0.0427734 0.052662 0.837402 
0 0.584245 0.37037 0.0632812 0.0689815 0.840332 
1 0.267037 0.457639 0.0191813 0.0748843 0.856445 
0 0.559635 0.206481 0.0416667 0.0842593 0.858398 
0 0.283854 0.397917 0.0401042 0.0805556 0.859375 
0 0.402474 0.687269 0.0346354 0.107407 0.865234 
1 0.670052 0.190625 0.0541667 0.0585648 0.866211 
1 0.431771 0.897222 0.0351562 0.087963 0.866211 
1 0.685677 0.244444 0.0427083 0.0773148 0.868652 
1 0.251953 0.412037 0.0200521 0.0907407 0.873535 
1 0.589844 0.518056 0.0644531 0.0537037 0.873535 
0 0.703548 0.550926 0.0246094 0.0824074 0.874512 
0 0.293099 0.653067 0.049349 0.0568287 0.876953 
0 0.61556 0.581366 0.0358073 0.111806 0.87793 
1 0.529687 0.181481 0.0302083 0.0884259 0.879395 
1 0.413021 0.325 0.0367188 0.0666667 0.895508 
1 0.310465 0.267361 0.0316732 0.074537 0.897949 
0 0.342839 0.262963 0.0481771 0.0430556 0.903809 
1 0.266602 0.516348 0.022526 0.0612847 0.913086 
1 0.288802 0.474638 0.0276042 0.0655382 0.922363 
