0 0.591081 0.253009 0.0420573 0.0768519 0.587891 
1 0.635677 0.842824 0.0570312 0.0365741 0.632324 
1 0.627083 0.769676 0.0276042 0.0972222 0.672852 
1 0.59375 0.831944 0.0645833 0.0490741 0.690918 
0 0.653385 0.774074 0.0244792 0.108796 0.705566 
0 0.605013 0.147338 0.0467448 0.0710648 0.768555 
0 0.721745 0.404861 0.0240885 0.10787 0.796875 
0 0.617546 0.101794 0.0508464 0.0440972 0.804688 
1 0.352279 0.368519 0.0234375 0.117593 0.844727 
1 0.660286 0.189699 0.0179687 0.0993056 0.856445 
0 0.447786 0.118519 0.0364583 0.0699074 0.864258 
1 0.676526 0.242998 0.0196045 0.113079 0.866211 
1 0.505339 0.873264 0.0565104 0.0469907 0.868164 
1 0.44388 0.182407 0.0205729 0.105093 0.878906 
0 0.710807 0.668808 0.0411458 0.090162 0.883301 
1 0.474609 0.155556 0.0401042 0.0858796 0.896973 
1 0.517025 0.0798322 0.0337891 0.0884838 0.897461 
0 0.676042 0.545833 0.0533854 0.0960648 0.897461 
0 0.70896 0.55787 0.0517415 0.0685185 0.906738 
1 0.686849 0.619213 0.0572917 0.0560185 0.912109 
