1 0.678471 0.563889 0.0237223 0.0564815 0.682129 
1 0.379622 0.316667 0.050651 0.0523148 0.839355 
0 0.684245 0.276852 0.0195312 0.0930556 0.85791 
1 0.605339 0.387963 0.0186198 0.10463 0.883301 
0 0.395573 0.626736 0.0578125 0.0631944 0.885742 
1 0.646615 0.525579 0.0177083 0.0967593 0.888672 
1 0.4375 0.27338 0.0533854 0.0375 0.890625 
1 0.37181 0.611227 0.0608073 0.0460648 0.895508 
0 0.673307 0.578125 0.0375 0.0895833 0.898438 
1 0.466927 0.76412 0.0526042 0.0708333 0.898926 
1 0.763086 0.614468 0.01875 0.100694 0.90332 
1 0.440625 0.478704 0.0481771 0.0564815 0.904297 
1 0.548177 0.225347 0.0244792 0.0928241 0.904785 
0 0.697135 0.726852 0.0526042 0.0435185 0.908691 
1 0.503385 0.906481 0.0557292 0.0425926 0.910645 
1 0.523372 0.172222 0.0303385 0.0884259 0.913086 
1 0.432422 0.234838 0.0515625 0.0548611 0.913574 
1 0.671615 0.361111 0.0213542 0.0898148 0.918457 
0 0.669271 0.27338 0.0234375 0.0912037 0.919434 
1 0.700057 0.430006 0.051709 0.0438657 0.919434 
1 0.562891 0.243808 0.0240885 0.0994213 0.919922 
1 0.736849 0.450506 0.0230469 0.083941 0.920898 
1 0.626204 0.548148 0.0275391 0.0888889 0.92334 
1 0.514303 0.215394 0.0280355 0.0849537 0.924316 
1 0.544792 0.316435 0.0411458 0.0842593 0.924316 
1 0.463411 0.842824 0.0513021 0.0546296 0.925781 
1 0.634798 0.458883 0.0220703 0.10191 0.927246 
1 0.625716 0.270891 0.0308594 0.0994213 0.928223 
1 0.499089 0.860417 0.0351562 0.0865741 0.929199 
1 0.463151 0.619444 0.0588542 0.062037 0.929688 
1 0.572396 0.523148 0.0519531 0.0712963 0.930176 
0 0.65651 0.639641 0.0328125 0.0873843 0.930664 
1 0.504232 0.42037 0.0457031 0.074537 0.937012 
0 0.697266 0.515741 0.0481771 0.0537037 0.938477 
1 0.407161 0.375463 0.0523438 0.0694444 0.939453 
1 0.555208 0.445833 0.0505208 0.0851852 0.94043 
1 0.651042 0.21169 0.0421875 0.0655093 0.941895 
1 0.443359 0.412731 0.0539063 0.0675926 0.945312 
1 0.485677 0.455093 0.0541667 0.0657407 0.94873 
