0 0.597982 0.178935 0.0354167 0.0793981 0.625488 
1 0.562533 0.84537 0.0193359 0.0916667 0.722168 
0 0.320508 0.623958 0.053125 0.069213 0.766602 
0 0.687109 0.645312 0.0393229 0.0815972 0.770508 
1 0.598177 0.221933 0.0317708 0.0825231 0.787598 
0 0.406022 0.292593 0.0580078 0.0652778 0.852539 
0 0.386165 0.242593 0.0620443 0.0509259 0.852539 
0 0.650651 0.206076 0.0205729 0.0915509 0.852539 
1 0.695679 0.427778 0.0445801 0.0726852 0.856934 
0 0.402344 0.181481 0.0552083 0.0666667 0.866699 
1 0.547135 0.828241 0.0197266 0.0888889 0.871094 
1 0.562581 0.114815 0.0375977 0.0715278 0.874512 
1 0.653906 0.374306 0.0309896 0.0976852 0.878906 
0 0.59056 0.269618 0.0268229 0.0987269 0.882324 
1 0.530908 0.812731 0.0230794 0.0986111 0.884766 
1 0.524943 0.237963 0.0493327 0.0555556 0.885742 
1 0.689071 0.588426 0.0434733 0.0525463 0.895508 
1 0.629232 0.359722 0.0233073 0.10463 0.896973 
0 0.520907 0.330093 0.0394368 0.0865741 0.900391 
1 0.63724 0.277315 0.0471354 0.0523148 0.902344 
1 0.376758 0.337269 0.0496094 0.0666667 0.909668 
1 0.64401 0.579282 0.0518229 0.0685185 0.912109 
