1 0.476562 0.425463 0.0359375 0.0810185 0.702637 
0 0.592839 0.302778 0.0414062 0.0523148 0.70459 
0 0.538542 0.891782 0.0333333 0.0877315 0.777832 
0 0.412109 0.627199 0.0458333 0.0844907 0.809082 
0 0.68772 0.241898 0.0418783 0.0652778 0.845215 
0 0.490885 0.683333 0.0351562 0.0921296 0.847656 
1 0.4 0.288194 0.0315104 0.0912037 0.853516 
0 0.491406 0.868519 0.0520833 0.0388889 0.857422 
0 0.294222 0.583102 0.0464518 0.0444444 0.86084 
0 0.542082 0.302778 0.0388835 0.074537 0.865723 
0 0.428906 0.668287 0.0325521 0.0819444 0.866699 
0 0.577344 0.285185 0.0389323 0.0666667 0.867188 
0 0.404167 0.723148 0.0507812 0.0486111 0.879395 
0 0.499219 0.469444 0.0380208 0.0777778 0.882324 
0 0.410026 0.848843 0.0408854 0.0680556 0.884766 
0 0.523132 0.69213 0.0284098 0.0782407 0.889648 
0 0.548201 0.370602 0.0338053 0.0828704 0.891602 
0 0.622461 0.407639 0.0394531 0.0847222 0.893066 
0 0.287012 0.614583 0.0449219 0.0481481 0.894043 
0 0.576758 0.513889 0.035026 0.0835648 0.898438 
0 0.329557 0.753472 0.0429688 0.0657407 0.899414 
0 0.531144 0.608218 0.0353678 0.0868056 0.902832 
0 0.622559 0.510069 0.0340495 0.0909722 0.903809 
0 0.581966 0.566059 0.0201823 0.0845486 0.904785 
0 0.591732 0.342824 0.0440104 0.0578704 0.907227 
0 0.554134 0.689352 0.0263672 0.0805556 0.913086 
0 0.568929 0.399306 0.0444336 0.0509259 0.913574 
0 0.576318 0.440017 0.0364258 0.0626736 0.914551 
0 0.519613 0.518837 0.027832 0.0836227 0.916992 
