0 0.382096 0.703241 0.0436198 0.049537 0.570312 
1 0.362956 0.426389 0.019401 0.0777778 0.782715 
1 0.481901 0.387963 0.0520833 0.0402778 0.786621 
1 0.493359 0.283796 0.025 0.0916667 0.793457 
1 0.362826 0.706713 0.035026 0.0657407 0.798828 
1 0.333333 0.604167 0.0199219 0.0763889 0.805176 
1 0.599089 0.292824 0.0401042 0.062037 0.80957 
1 0.527804 0.300926 0.0264242 0.0842593 0.820801 
1 0.556771 0.450275 0.0302083 0.0675058 0.824707 
1 0.512634 0.230903 0.0253825 0.0701389 0.825684 
1 0.402344 0.107755 0.0416667 0.043287 0.829102 
1 0.544043 0.299306 0.0234375 0.0856481 0.830078 
1 0.346354 0.404167 0.0223958 0.087037 0.831055 
1 0.561523 0.383333 0.0236979 0.0837963 0.83252 
1 0.375456 0.317361 0.0266927 0.0615741 0.833984 
1 0.460286 0.585995 0.0395833 0.0659722 0.836914 
1 0.46888 0.27037 0.0257812 0.0875 0.837891 
1 0.397526 0.137153 0.046875 0.0430556 0.837891 
1 0.443359 0.738194 0.0429688 0.037963 0.838867 
1 0.461719 0.454847 0.0309896 0.080816 0.840332 
1 0.364518 0.574306 0.0273438 0.0858796 0.841309 
1 0.386068 0.181944 0.0471354 0.037963 0.84375 
1 0.464974 0.543866 0.028125 0.0810185 0.846191 
1 0.446354 0.250405 0.0307292 0.084375 0.84668 
1 0.454688 0.105093 0.0486979 0.0347222 0.848145 
1 0.563672 0.27662 0.0445313 0.0625 0.848145 
1 0.350911 0.633912 0.0261719 0.0659722 0.850098 
1 0.581966 0.426273 0.0231771 0.0974537 0.853027 
1 0.491927 0.559259 0.0294271 0.0694444 0.859375 
1 0.347721 0.508348 0.0231771 0.0930266 0.859375 
1 0.470573 0.424306 0.0382813 0.0611111 0.86084 
1 0.315365 0.488411 0.0302083 0.0824363 0.864258 
1 0.33724 0.24537 0.0282552 0.0671296 0.867188 
1 0.379427 0.466377 0.0226562 0.0935185 0.867676 
1 0.435286 0.681481 0.0335937 0.0740741 0.873535 
1 0.466927 0.659954 0.0440104 0.0615741 0.873535 
0 0.389941 0.38912 0.0445964 0.0611111 0.879883 
1 0.274479 0.518981 0.0401042 0.0611111 0.882324 
1 0.288281 0.482407 0.0260417 0.0787037 0.883789 
0 0.339779 0.316667 0.0389323 0.0648148 0.885254 
1 0.575391 0.638773 0.0389323 0.0622685 0.888672 
1 0.415365 0.710648 0.03125 0.0625 0.891113 
1 0.351367 0.715741 0.0324219 0.0578704 0.899414 
