0 0.522331 0.421654 0.0339844 0.0287399 0.616699 
1 0.541732 0.167014 0.0408854 0.0770833 0.653809 
0 0.401823 0.236979 0.046875 0.0482639 0.799805 
0 0.602148 0.157755 0.0244792 0.0837963 0.835449 
0 0.320573 0.326852 0.0223958 0.0810185 0.838379 
0 0.400228 0.390278 0.0417318 0.0712963 0.838867 
1 0.597266 0.922222 0.0330729 0.0537037 0.840332 
0 0.482943 0.150694 0.0460938 0.0615741 0.850586 
0 0.663281 0.540741 0.0348958 0.0888889 0.862793 
0 0.391667 0.789815 0.0447917 0.049537 0.864258 
0 0.387728 0.70787 0.0313151 0.0842593 0.869629 
0 0.622721 0.127054 0.0363281 0.0662616 0.875 
0 0.519531 0.390509 0.0325521 0.0916667 0.879883 
1 0.499609 0.75 0.0408854 0.050463 0.880859 
0 0.548958 0.86169 0.0458333 0.0488426 0.880859 
1 0.300651 0.363889 0.0201823 0.0782407 0.881348 
0 0.616536 0.721065 0.0401042 0.0648148 0.883301 
1 0.606641 0.509606 0.0247396 0.0863426 0.886719 
0 0.313574 0.603472 0.0429036 0.0493056 0.887695 
0 0.733073 0.274306 0.0429688 0.0597222 0.889648 
0 0.732552 0.575116 0.0401042 0.0696759 0.890625 
0 0.573242 0.769444 0.0351562 0.0763889 0.89502 
0 0.627214 0.30162 0.0356771 0.075 0.895996 
0 0.53125 0.625926 0.0348958 0.0703704 0.899902 
1 0.468099 0.666667 0.0197917 0.0763889 0.900391 
0 0.697396 0.374074 0.0466146 0.075 0.901367 
0 0.459375 0.530093 0.04375 0.0796296 0.902344 
0 0.341667 0.549971 0.0395833 0.0535301 0.914062 
0 0.530534 0.552315 0.0317057 0.0805556 0.921875 
0 0.559505 0.336111 0.0467448 0.0722222 0.922852 
