0 0.508512 0.63125 0.0171549 0.0606481 0.734375 
0 0.698177 0.656308 0.0346354 0.110532 0.874023 
0 0.571615 0.8 0.0234375 0.0625 0.882324 
0 0.508398 0.780093 0.0561198 0.0518519 0.905762 
0 0.348698 0.323611 0.0334635 0.101852 0.909668 
0 0.629557 0.29375 0.0317708 0.1125 0.914062 
0 0.447005 0.4534 0.0570312 0.0529225 0.915039 
0 0.435286 0.410185 0.0643229 0.0583333 0.915527 
0 0.719271 0.294676 0.0307292 0.0888889 0.916504 
0 0.550789 0.259722 0.0369629 0.10787 0.916992 
0 0.417187 0.538889 0.0635417 0.062963 0.919922 
0 0.62474 0.616088 0.0575521 0.0613426 0.919922 
0 0.66888 0.78287 0.0341146 0.105556 0.921875 
0 0.586003 0.385417 0.0347656 0.100926 0.922852 
0 0.511316 0.716435 0.0226807 0.106481 0.924316 
0 0.356706 0.40787 0.0347656 0.102778 0.925781 
0 0.397786 0.626852 0.0278646 0.10463 0.925781 
0 0.515625 0.418056 0.0583333 0.0708333 0.92627 
0 0.589469 0.799537 0.0606445 0.062963 0.926758 
0 0.692025 0.310185 0.05 0.0722222 0.927246 
0 0.505208 0.49184 0.0432292 0.0947917 0.930664 
0 0.380078 0.249769 0.04375 0.0958333 0.931152 
0 0.68724 0.475752 0.0565104 0.0668981 0.932617 
0 0.368522 0.679167 0.0587891 0.0606481 0.933594 
0 0.44974 0.828935 0.0606771 0.0648148 0.933594 
0 0.608594 0.4375 0.03125 0.1 0.934082 
1 0.336198 0.481727 0.0296875 0.0971933 0.93457 
0 0.535018 0.13125 0.0576986 0.0631944 0.93457 
0 0.597656 0.554167 0.055599 0.0740741 0.9375 
0 0.51849 0.846181 0.0463542 0.0891204 0.939453 
0 0.471354 0.306481 0.0460938 0.0810185 0.939453 
0 0.4875 0.630324 0.0604167 0.062963 0.939941 
0 0.443099 0.155093 0.0484375 0.0671296 0.943359 
0 0.570703 0.484389 0.0505208 0.0851563 0.947754 
0 0.360286 0.536574 0.0567708 0.0719907 0.95459 
0 0.522917 0.566782 0.0578125 0.05625 0.957031 
