1 0.602669 0.760417 0.0518229 0.0787037 0.773926 
0 0.616471 0.313657 0.0378906 0.0898148 0.797852 
1 0.436589 0.887847 0.0411458 0.0604167 0.800293 
1 0.533691 0.721528 0.0281901 0.0953704 0.8125 
0 0.629362 0.818981 0.0488281 0.0365741 0.814941 
1 0.390365 0.498495 0.0265625 0.106713 0.824707 
0 0.603125 0.882986 0.0229167 0.0858796 0.846191 
0 0.442708 0.263831 0.0427083 0.0806713 0.855469 
1 0.344857 0.586574 0.0272135 0.0979167 0.858398 
1 0.314209 0.720833 0.0382487 0.106481 0.859375 
0 0.486589 0.785417 0.0341146 0.0893519 0.86084 
1 0.451823 0.9 0.0398437 0.0527778 0.864746 
0 0.654427 0.239583 0.0354167 0.0851852 0.868164 
1 0.409245 0.832407 0.0356771 0.0652778 0.880859 
1 0.401172 0.23397 0.0421875 0.0556713 0.882324 
1 0.673307 0.653414 0.0536458 0.0538194 0.888184 
1 0.382031 0.274537 0.0520833 0.0416667 0.888672 
0 0.50944 0.198322 0.0358073 0.0862269 0.890137 
1 0.343359 0.501505 0.0442708 0.0956019 0.891602 
1 0.43138 0.392824 0.0289063 0.102315 0.894531 
1 0.694531 0.56794 0.0330729 0.0893519 0.898926 
1 0.658464 0.81088 0.0299479 0.0740741 0.904785 
0 0.594792 0.547222 0.0398437 0.0907407 0.90625 
