1 0.676786 0.442159 0.0201904 0.0713542 0.4729 
0 0.500195 0.299306 0.0652344 0.0560185 0.552734 
1 0.402734 0.187384 0.0471354 0.0664352 0.573242 
0 0.592708 0.572454 0.0248698 0.112731 0.810059 
0 0.611003 0.57662 0.0227865 0.105787 0.8125 
0 0.392969 0.217419 0.0494792 0.0730324 0.836914 
1 0.301042 0.365278 0.0286458 0.0953704 0.846191 
0 0.455859 0.227025 0.0231771 0.103356 0.849609 
1 0.445573 0.379861 0.0247396 0.1125 0.870605 
1 0.341992 0.691898 0.0341146 0.0689815 0.871094 
1 0.517708 0.571788 0.0239583 0.109201 0.871094 
1 0.46224 0.341667 0.0276042 0.101852 0.876953 
0 0.735482 0.619329 0.0494792 0.0655093 0.878906 
1 0.330648 0.535648 0.0566732 0.0509259 0.881348 
0 0.434115 0.214294 0.0309896 0.101968 0.882324 
0 0.658724 0.358333 0.0453125 0.0652778 0.888184 
0 0.482812 0.217188 0.0372396 0.090625 0.891602 
0 0.639486 0.509722 0.0593099 0.0564815 0.89209 
0 0.354167 0.721296 0.0398437 0.075463 0.896484 
0 0.547656 0.463889 0.0352865 0.101852 0.898926 
0 0.54974 0.637153 0.0416667 0.109954 0.899414 
0 0.664974 0.431944 0.0393229 0.0810185 0.902344 
0 0.358496 0.423843 0.0517578 0.0819444 0.904785 
1 0.559375 0.549306 0.0473958 0.068287 0.908691 
0 0.610286 0.463788 0.0453125 0.0851563 0.90918 
0 0.488151 0.55 0.0401042 0.104398 0.911133 
