0 0.464583 0.723843 0.0661458 0.050463 0.544922 
0 0.32526 0.575 0.0161458 0.0634259 0.547363 
1 0.447526 0.369676 0.0661458 0.0541667 0.616211 
1 0.691227 0.736574 0.0489258 0.0592593 0.79834 
1 0.402962 0.814352 0.0669922 0.0407407 0.816895 
0 0.571615 0.409722 0.0234375 0.0777778 0.835938 
0 0.428906 0.852778 0.0661458 0.0402778 0.870605 
1 0.336068 0.67037 0.0634115 0.0439815 0.872559 
0 0.475521 0.220891 0.0692708 0.0512731 0.875488 
1 0.36224 0.730324 0.0434896 0.0759259 0.877441 
1 0.681946 0.381713 0.0238037 0.116667 0.882812 
0 0.559375 0.831019 0.0479167 0.049537 0.885742 
1 0.54401 0.202546 0.0645833 0.0458333 0.892578 
0 0.553516 0.866898 0.058724 0.0597222 0.896484 
0 0.54349 0.641377 0.0583333 0.0663194 0.90332 
1 0.552344 0.563657 0.0588542 0.0518519 0.90332 
0 0.646224 0.651331 0.0260417 0.114931 0.904785 
1 0.535937 0.381481 0.0604167 0.0560185 0.906738 
1 0.639225 0.72963 0.0455078 0.0921296 0.909668 
0 0.328451 0.281481 0.0516927 0.087963 0.909668 
0 0.416276 0.631597 0.0648438 0.0650463 0.911133 
0 0.348633 0.476577 0.0658854 0.0519387 0.916992 
0 0.605632 0.486965 0.0663411 0.0570891 0.91748 
0 0.700057 0.552778 0.0487142 0.0787037 0.918945 
0 0.452344 0.5068 0.0304687 0.118808 0.919922 
0 0.413021 0.478125 0.0380208 0.117824 0.921875 
1 0.491667 0.631713 0.0419271 0.106481 0.922363 
1 0.517546 0.300231 0.0254232 0.113426 0.922363 
1 0.646615 0.403704 0.0255208 0.120833 0.922852 
0 0.603971 0.277778 0.0454427 0.103704 0.922852 
0 0.589583 0.412963 0.060026 0.0828704 0.928711 
0 0.707161 0.646991 0.0408854 0.0967593 0.929688 
0 0.609505 0.663657 0.0432292 0.0902778 0.930664 
0 0.499479 0.859838 0.0364583 0.0886574 0.933105 
0 0.723828 0.497338 0.0596354 0.0516204 0.934082 
0 0.536458 0.73125 0.0463542 0.0986111 0.935547 
0 0.345964 0.560214 0.0567708 0.0902199 0.9375 
0 0.444401 0.308796 0.0552083 0.0893519 0.944336 
0 0.542196 0.471412 0.0400879 0.114815 0.946777 
