0 0.431641 0.852083 0.0291667 0.0986111 0.547852 
0 0.382161 0.430266 0.0325521 0.0456597 0.618652 
0 0.608073 0.576273 0.0606771 0.0717593 0.737793 
0 0.435417 0.807407 0.06875 0.050463 0.760742 
1 0.344596 0.173032 0.04375 0.0752315 0.771484 
0 0.39847 0.129369 0.0632161 0.0440394 0.799805 
0 0.666276 0.664815 0.065625 0.0523148 0.800293 
1 0.402865 0.206076 0.0484375 0.0767361 0.813477 
0 0.505078 0.304398 0.0648438 0.0550926 0.817383 
0 0.664616 0.625058 0.0666016 0.0591435 0.817383 
0 0.411361 0.166782 0.0642578 0.0509259 0.819824 
0 0.603385 0.779861 0.0653646 0.0578704 0.834961 
0 0.610938 0.725 0.0677083 0.0680556 0.835449 
0 0.413932 0.268287 0.0627604 0.0601852 0.846191 
0 0.474479 0.204745 0.0606771 0.062963 0.856445 
0 0.352995 0.3125 0.028125 0.10463 0.856445 
0 0.314323 0.38588 0.0395833 0.0967593 0.860352 
0 0.440755 0.231597 0.0513021 0.0872685 0.862793 
0 0.36875 0.687963 0.0421875 0.0861111 0.863281 
0 0.710221 0.691204 0.0296224 0.106481 0.866211 
0 0.460286 0.327546 0.0591146 0.0680556 0.869141 
0 0.562646 0.321065 0.0721029 0.0625 0.870117 
0 0.381901 0.863773 0.0565104 0.0872685 0.874512 
0 0.384375 0.391204 0.0385417 0.125 0.876953 
1 0.636068 0.392361 0.0664062 0.0481481 0.88916 
0 0.411198 0.497685 0.0591146 0.112037 0.892578 
0 0.516862 0.724769 0.0480469 0.106019 0.893066 
0 0.564453 0.765741 0.034375 0.1 0.898926 
0 0.452083 0.421296 0.0471354 0.114815 0.90918 
