1 0.541732 0.960185 0.0535156 0.037963 0.699707 
1 0.384082 0.909722 0.0464193 0.062037 0.708008 
0 0.386849 0.129514 0.0557292 0.0715278 0.734375 
0 0.384603 0.758796 0.0386068 0.0828704 0.742188 
1 0.431901 0.943981 0.0549479 0.0425926 0.750488 
1 0.71901 0.33287 0.0265625 0.0962963 0.788574 
1 0.29668 0.322222 0.0258464 0.0865741 0.818848 
1 0.371745 0.6875 0.0385417 0.0777778 0.825684 
1 0.255078 0.542593 0.0252604 0.0953704 0.833496 
1 0.414974 0.766204 0.0236979 0.0986111 0.835449 
0 0.406901 0.662211 0.0255208 0.097338 0.847656 
1 0.632682 0.554167 0.0463542 0.0777778 0.850098 
0 0.318359 0.658333 0.0503906 0.0467593 0.858398 
1 0.389062 0.811343 0.0369792 0.0837963 0.86084 
1 0.404069 0.902894 0.0447266 0.0543981 0.86377 
1 0.608464 0.143519 0.0567708 0.0393519 0.864258 
0 0.661458 0.450579 0.0395833 0.0969907 0.865723 
1 0.683976 0.687731 0.032959 0.0893519 0.865723 
1 0.428906 0.255324 0.0263021 0.10463 0.866699 
1 0.333724 0.825694 0.0325521 0.0875 0.87207 
1 0.277279 0.609722 0.0470052 0.0418981 0.873047 
1 0.39974 0.841667 0.0385417 0.0689815 0.875977 
0 0.357812 0.751852 0.0407552 0.075463 0.876465 
0 0.546541 0.649306 0.0619954 0.0537037 0.882324 
1 0.297713 0.76713 0.0403809 0.0814815 0.885742 
1 0.310677 0.270081 0.0380208 0.0737269 0.891113 
0 0.440885 0.567245 0.0458333 0.100926 0.892578 
1 0.739193 0.410185 0.0277344 0.101389 0.893066 
0 0.329557 0.703704 0.053125 0.0486111 0.908691 
