0 0.496354 0.250868 0.0361979 0.107523 0.591309 
0 0.263281 0.421571 0.0432292 0.0287905 0.640137 
1 0.666146 0.265509 0.0583333 0.049537 0.714355 
0 0.406771 0.177199 0.0335937 0.101852 0.718262 
0 0.416016 0.853588 0.0606771 0.0585648 0.787598 
0 0.719661 0.276852 0.0486979 0.0652778 0.796875 
1 0.634766 0.123119 0.0557292 0.0336227 0.817383 
1 0.473958 0.0686487 0.0539063 0.0627025 0.842285 
0 0.34362 0.169329 0.0351562 0.0983796 0.845703 
1 0.575 0.812269 0.0436198 0.0819444 0.849121 
0 0.385026 0.876505 0.0414062 0.0960648 0.850586 
0 0.34069 0.575347 0.0546875 0.0740741 0.859863 
1 0.388021 0.321296 0.0341146 0.0865741 0.86084 
0 0.658236 0.160185 0.0538411 0.0456019 0.866211 
1 0.284473 0.288889 0.0221354 0.0981481 0.871582 
0 0.544076 0.87963 0.0608073 0.0787037 0.873047 
0 0.517269 0.381713 0.0314453 0.114815 0.873047 
1 0.403385 0.298148 0.0322917 0.0888889 0.875488 
0 0.305208 0.225637 0.021875 0.0987269 0.876465 
0 0.295312 0.752778 0.0539063 0.0546296 0.876953 
0 0.433203 0.349537 0.0325521 0.114352 0.879883 
0 0.570378 0.0909722 0.0576823 0.0394676 0.880859 
1 0.400391 0.539352 0.0463542 0.0916667 0.888184 
1 0.294271 0.520949 0.0270833 0.0960648 0.888672 
0 0.242708 0.521152 0.0325521 0.0905671 0.889648 
0 0.263021 0.400694 0.0401042 0.0675926 0.89209 
0 0.253776 0.451562 0.0367188 0.0805556 0.894043 
