1 0.298438 0.316204 0.0567708 0.0407407 0.628906 
1 0.4125 0.579745 0.0502604 0.0659722 0.697266 
1 0.452083 0.721759 0.0466146 0.0791667 0.701172 
0 0.557292 0.715278 0.0520833 0.0546296 0.838379 
1 0.453776 0.434722 0.0276042 0.0953704 0.84375 
1 0.363932 0.748148 0.0208333 0.0925926 0.848145 
1 0.51123 0.911111 0.0224284 0.0805556 0.849609 
1 0.366406 0.153241 0.05625 0.05625 0.865723 
0 0.46237 0.57338 0.0411458 0.0865741 0.87207 
1 0.479167 0.117043 0.0572917 0.0360532 0.884766 
1 0.379948 0.560185 0.0541667 0.0611111 0.88623 
1 0.403743 0.201505 0.0565755 0.0388889 0.900879 
0 0.563281 0.273785 0.0380208 0.0954861 0.902832 
1 0.600911 0.468924 0.0602865 0.0395833 0.908203 
1 0.352604 0.284664 0.022526 0.097338 0.915039 
0 0.60013 0.312037 0.036849 0.0861111 0.915039 
0 0.362337 0.680093 0.0524089 0.0425926 0.916016 
0 0.367708 0.358796 0.0585938 0.0532407 0.916016 
0 0.583594 0.358102 0.031901 0.099537 0.921875 
0 0.575 0.766204 0.0389323 0.0805556 0.922363 
0 0.51849 0.811574 0.0352865 0.0925926 0.922363 
0 0.460286 0.521296 0.0335937 0.0930556 0.923828 
0 0.613509 0.64537 0.045638 0.0865741 0.924805 
0 0.486328 0.421528 0.0398437 0.0953704 0.924805 
1 0.381934 0.250637 0.041862 0.0755787 0.92627 
0 0.380566 0.817361 0.0289714 0.0902778 0.927246 
0 0.677104 0.68287 0.0215088 0.100463 0.927734 
1 0.521029 0.653472 0.0420573 0.087963 0.928223 
1 0.578906 0.571412 0.0546875 0.0469907 0.929199 
0 0.432161 0.807639 0.0440104 0.087963 0.932617 
0 0.282178 0.678472 0.0473633 0.0800926 0.935059 
0 0.361654 0.620139 0.0451823 0.0703704 0.938965 
1 0.328564 0.437558 0.0475586 0.0600694 0.939941 
0 0.387109 0.4125 0.0557292 0.0717593 0.94043 
1 0.6236 0.375926 0.0488932 0.0592593 0.940918 
0 0.538997 0.534259 0.0544271 0.0740741 0.949707 
