1 0.421615 0.201273 0.0466146 0.0666667 0.746094 
1 0.325895 0.734954 0.047168 0.0351852 0.787109 
0 0.697135 0.725231 0.0192708 0.0925926 0.790527 
1 0.413021 0.153588 0.0408854 0.0613426 0.802246 
1 0.573503 0.882407 0.0197917 0.0787037 0.802246 
1 0.60026 0.316898 0.0259115 0.101852 0.814453 
0 0.664714 0.806481 0.0263021 0.0810185 0.831055 
1 0.594466 0.11713 0.0460938 0.0361111 0.837891 
0 0.64987 0.443576 0.0309896 0.075 0.839844 
1 0.348958 0.804861 0.0483073 0.0513889 0.839844 
0 0.552604 0.817824 0.0489583 0.0509259 0.844238 
0 0.317188 0.625174 0.0317708 0.0825231 0.858398 
1 0.713802 0.700231 0.0255208 0.0800926 0.870605 
0 0.43763 0.153009 0.0247396 0.0935185 0.87207 
1 0.569271 0.155787 0.0270833 0.0847222 0.872559 
0 0.569596 0.46807 0.0441406 0.106221 0.879883 
1 0.43763 0.88044 0.0309896 0.0678241 0.880371 
0 0.525781 0.262037 0.0338542 0.0833333 0.885742 
0 0.52168 0.12474 0.0259115 0.0940394 0.891602 
1 0.298177 0.504167 0.0401042 0.0675926 0.895996 
0 0.53151 0.192593 0.0265625 0.0925926 0.896484 
1 0.720117 0.557784 0.0186198 0.0927662 0.912598 
1 0.511654 0.852894 0.041276 0.0636574 0.91748 
