1 0.512044 0.576852 0.0384115 0.0314815 0.64209 
0 0.60625 0.422338 0.0479167 0.0302662 0.645996 
1 0.593945 0.103472 0.053125 0.0511574 0.759277 
1 0.711328 0.246991 0.0408854 0.0680556 0.810059 
1 0.362565 0.444314 0.0391927 0.0734086 0.817383 
1 0.461198 0.137645 0.0229167 0.0992477 0.869141 
0 0.498633 0.680787 0.0683594 0.0472222 0.871094 
0 0.645312 0.215799 0.0244792 0.0989583 0.875 
1 0.540625 0.118634 0.0234375 0.102315 0.875977 
1 0.739974 0.535648 0.0466146 0.0710648 0.877441 
0 0.442318 0.793519 0.0611979 0.0726852 0.89502 
0 0.378548 0.659491 0.0561849 0.0541667 0.897949 
0 0.631445 0.139468 0.0548177 0.0534722 0.899902 
0 0.333203 0.680787 0.0454427 0.0523148 0.904785 
0 0.480339 0.473249 0.0658854 0.0595197 0.906738 
0 0.539575 0.527315 0.0631673 0.062037 0.906738 
0 0.680986 0.265741 0.0276123 0.100463 0.907227 
0 0.50625 0.294444 0.0572917 0.0768519 0.90918 
1 0.40026 0.847454 0.0539063 0.0689815 0.912598 
0 0.359831 0.731944 0.058724 0.0587963 0.912598 
1 0.659896 0.354398 0.03125 0.0962963 0.913574 
1 0.565723 0.481019 0.0556641 0.0555556 0.913574 
0 0.397754 0.183796 0.036263 0.09375 0.914062 
0 0.572461 0.612963 0.0625 0.056713 0.916016 
0 0.626139 0.588426 0.0373047 0.11088 0.917969 
0 0.671354 0.177083 0.0338542 0.0824074 0.918457 
0 0.604753 0.265567 0.0639323 0.0596065 0.921875 
1 0.605664 0.389583 0.046875 0.0944444 0.927246 
1 0.407292 0.494444 0.0424479 0.0916667 0.928711 
0 0.626367 0.46713 0.0477865 0.0925926 0.931152 
0 0.663932 0.525 0.0367188 0.106481 0.933594 
0 0.31901 0.482509 0.0454427 0.0805845 0.935059 
0 0.428516 0.615856 0.0536458 0.0719907 0.937012 
1 0.511328 0.612963 0.0372396 0.102315 0.938965 
