1 0.483464 0.0923611 0.0536458 0.0377315 0.614746 
1 0.444141 0.630324 0.0315104 0.103704 0.632812 
1 0.234375 0.579167 0.0171875 0.0888889 0.685547 
0 0.445573 0.754398 0.0304687 0.102778 0.75293 
0 0.585677 0.383796 0.0464844 0.0708333 0.811523 
0 0.569515 0.18588 0.0380534 0.0958333 0.85498 
1 0.446875 0.355093 0.0611979 0.049537 0.873535 
1 0.644499 0.493056 0.0521484 0.0481481 0.874023 
0 0.51582 0.259491 0.0579427 0.0481481 0.876465 
0 0.584766 0.756019 0.0252604 0.102315 0.88916 
1 0.477865 0.130584 0.0557292 0.0568866 0.890625 
1 0.48737 0.704167 0.0226562 0.106944 0.893066 
0 0.25013 0.411343 0.0356771 0.0967593 0.893555 
1 0.705599 0.389583 0.0335937 0.0671296 0.895996 
1 0.434896 0.222859 0.0302083 0.102431 0.895996 
1 0.362565 0.397917 0.0276042 0.103241 0.898438 
0 0.37793 0.300231 0.0571615 0.0555556 0.898926 
1 0.310677 0.713194 0.0453125 0.0546296 0.907715 
0 0.397005 0.337963 0.0510417 0.0560185 0.907715 
1 0.670443 0.605093 0.0515625 0.0428241 0.911621 
1 0.495638 0.201968 0.0529948 0.0699074 0.913086 
1 0.330794 0.636574 0.0393229 0.0902778 0.913086 
1 0.410026 0.667824 0.025 0.10463 0.915039 
0 0.510417 0.751157 0.0302083 0.0990741 0.916016 
1 0.285417 0.276389 0.0458333 0.075463 0.916016 
1 0.377539 0.461487 0.0253906 0.103762 0.91748 
1 0.315365 0.545804 0.0307292 0.0972801 0.917969 
1 0.606576 0.448495 0.0371094 0.0909722 0.918457 
1 0.513444 0.627546 0.0259766 0.0990741 0.919434 
1 0.425 0.860185 0.04375 0.0833333 0.919922 
0 0.502214 0.317824 0.0341146 0.100463 0.92041 
0 0.554948 0.432639 0.053125 0.0773148 0.922363 
0 0.384863 0.565741 0.0583984 0.0548611 0.922363 
1 0.634896 0.730324 0.0546875 0.0583333 0.922852 
1 0.630664 0.34375 0.0446615 0.0773148 0.924316 
1 0.545833 0.613194 0.0271484 0.10463 0.924316 
1 0.66862 0.427315 0.0414062 0.0666667 0.92627 
0 0.457422 0.846991 0.046875 0.0685185 0.927734 
1 0.528125 0.542969 0.0427083 0.0853588 0.930176 
1 0.260156 0.706481 0.0328125 0.0925926 0.930664 
1 0.553255 0.802315 0.0507812 0.0638889 0.930664 
1 0.392057 0.756944 0.0372396 0.0912037 0.931152 
1 0.703906 0.469329 0.0197917 0.0957176 0.933594 
