1 0.647135 0.393287 0.0265625 0.101852 0.544434 
1 0.302083 0.507407 0.036849 0.0740741 0.681641 
1 0.65 0.65978 0.0263021 0.0952546 0.685547 
1 0.411979 0.74213 0.0552083 0.0657407 0.708984 
0 0.458594 0.833565 0.0283854 0.0865741 0.719727 
1 0.471354 0.527778 0.0559896 0.0481481 0.742676 
0 0.50813 0.683565 0.0167318 0.0657407 0.774414 
0 0.613932 0.67691 0.0348958 0.0813657 0.794434 
0 0.506901 0.435489 0.0518229 0.0386285 0.830078 
1 0.654427 0.474537 0.0536458 0.0462963 0.832031 
0 0.433073 0.266262 0.0302083 0.0929398 0.853516 
0 0.488802 0.685185 0.0552083 0.0638889 0.87793 
1 0.49349 0.488108 0.0348958 0.0867477 0.879883 
1 0.586589 0.469676 0.0278646 0.0976852 0.879883 
0 0.581657 0.607292 0.0536133 0.0469907 0.882324 
0 0.416406 0.1875 0.0546875 0.0509259 0.893555 
0 0.601237 0.518171 0.0269531 0.103472 0.898438 
1 0.610872 0.19537 0.0404948 0.0731481 0.899414 
0 0.624544 0.863773 0.0511719 0.0400463 0.902344 
0 0.507682 0.753704 0.0554687 0.0689815 0.904297 
0 0.602734 0.78588 0.0485677 0.0412037 0.905762 
0 0.441797 0.547569 0.0557292 0.062037 0.906738 
1 0.33457 0.466088 0.049349 0.0530093 0.90918 
0 0.698177 0.355787 0.0465495 0.0532407 0.910156 
1 0.549463 0.277315 0.0448242 0.0740741 0.911621 
0 0.414583 0.33912 0.0385417 0.0962963 0.913086 
0 0.298234 0.562818 0.036084 0.0752894 0.915039 
1 0.490104 0.381019 0.0265625 0.0888889 0.916016 
0 0.538477 0.386111 0.0378255 0.0921296 0.918457 
0 0.376725 0.2875 0.048112 0.0666667 0.918945 
0 0.386458 0.814583 0.0286458 0.087963 0.921875 
0 0.367546 0.546267 0.0375651 0.0931134 0.922363 
1 0.684696 0.525926 0.03243 0.0740741 0.92334 
0 0.707422 0.695833 0.03125 0.0805556 0.924316 
0 0.528687 0.539815 0.0367676 0.0898148 0.925293 
0 0.682552 0.44809 0.0497396 0.0452546 0.926758 
0 0.399479 0.486632 0.0611979 0.0578704 0.928223 
0 0.584684 0.742824 0.0548503 0.0597222 0.929199 
0 0.558724 0.559259 0.0514323 0.0675926 0.931152 
0 0.579281 0.356019 0.0497721 0.0564815 0.932129 
0 0.67526 0.573148 0.0526042 0.0453704 0.933594 
0 0.647559 0.768056 0.0475911 0.0722222 0.934082 
1 0.336458 0.714583 0.031901 0.087963 0.936035 
0 0.635807 0.534259 0.0286458 0.0972222 0.936523 
0 0.580094 0.315046 0.0494466 0.0717593 0.938965 
0 0.482943 0.169676 0.0471354 0.0729167 0.941895 
0 0.327344 0.393981 0.0498698 0.0643519 0.944824 
0 0.711491 0.547222 0.0270182 0.0925926 0.951172 
