0 0.565365 0.355787 0.0328125 0.0574074 0.692383 
1 0.41276 0.479167 0.0200521 0.0694444 0.766602 
0 0.571354 0.319907 0.0214844 0.075 0.808594 
0 0.592122 0.821296 0.0192708 0.0574074 0.810547 
1 0.299967 0.342593 0.0246094 0.0662037 0.824707 
0 0.591341 0.77037 0.0433594 0.0287037 0.829102 
0 0.403646 0.778241 0.0257812 0.0648148 0.833496 
0 0.443229 0.212442 0.0375 0.0528935 0.852539 
0 0.543563 0.186921 0.0343587 0.0657407 0.85498 
0 0.370573 0.359259 0.0351562 0.0541667 0.85791 
0 0.60944 0.400463 0.021875 0.0671296 0.85791 
0 0.591927 0.412963 0.0265625 0.062963 0.858398 
0 0.31901 0.345602 0.0260417 0.0731481 0.861328 
0 0.452734 0.41088 0.0432292 0.0333333 0.863281 
0 0.473568 0.363657 0.0216146 0.0699074 0.866211 
1 0.339518 0.616088 0.0391927 0.0398148 0.870117 
0 0.473698 0.54838 0.0276042 0.0680556 0.87207 
1 0.450651 0.318519 0.0382813 0.0375 0.874023 
0 0.579297 0.584838 0.0253906 0.0729167 0.87793 
1 0.278548 0.57963 0.0163411 0.0731481 0.878906 
0 0.594076 0.320602 0.031901 0.0578704 0.880371 
0 0.508333 0.695833 0.0348958 0.0537037 0.883789 
0 0.573438 0.644907 0.01875 0.0648148 0.887695 
0 0.469792 0.500637 0.0369792 0.0413194 0.888184 
0 0.605013 0.639988 0.0190104 0.0677083 0.893066 
0 0.498177 0.442231 0.0268229 0.0657697 0.893555 
0 0.433594 0.607176 0.0375 0.0534722 0.895508 
1 0.429427 0.484722 0.0229167 0.0685185 0.895996 
1 0.581445 0.73912 0.0329427 0.0375 0.895996 
0 0.412891 0.406481 0.0375 0.0472222 0.897949 
1 0.436589 0.655093 0.0421875 0.037037 0.899414 
1 0.54349 0.442108 0.0453125 0.0325666 0.902344 
1 0.547656 0.77338 0.0213542 0.0643519 0.902832 
1 0.53776 0.612384 0.0255208 0.0592593 0.903809 
0 0.49974 0.553241 0.0239583 0.0703704 0.904297 
0 0.48138 0.657176 0.0268229 0.0685185 0.904785 
1 0.539583 0.494907 0.021875 0.0685185 0.908203 
1 0.5375 0.57338 0.0385417 0.049537 0.913086 
1 0.377734 0.43912 0.0411458 0.0342593 0.913574 
