1 0.732324 0.328009 0.0443359 0.0523148 0.632812 
1 0.563802 0.204167 0.0246094 0.0791667 0.700684 
0 0.435417 0.146991 0.0533854 0.0469907 0.716797 
1 0.580794 0.130758 0.0490885 0.0308449 0.718262 
1 0.57832 0.869213 0.0269531 0.0967593 0.729004 
0 0.554948 0.141667 0.0421875 0.0581019 0.736816 
1 0.397233 0.814352 0.0427734 0.0527778 0.763184 
1 0.581901 0.105469 0.0463542 0.0348958 0.765625 
1 0.601042 0.905556 0.0528646 0.0462963 0.773926 
1 0.766862 0.422685 0.0332031 0.0699074 0.776855 
1 0.544792 0.2511 0.0255208 0.0751157 0.778809 
1 0.555827 0.0952836 0.0426432 0.0506366 0.78125 
0 0.549479 0.907407 0.025 0.0861111 0.789551 
1 0.725391 0.50583 0.0315104 0.0860243 0.79541 
0 0.74388 0.312963 0.040625 0.0407407 0.803711 
1 0.525212 0.931481 0.0472982 0.0537037 0.809082 
1 0.352865 0.559954 0.0481771 0.0625 0.81543 
1 0.672917 0.227546 0.025 0.0800926 0.818848 
0 0.48138 0.896412 0.0424479 0.0701389 0.824707 
1 0.70472 0.406481 0.0507812 0.0453704 0.825195 
1 0.518978 0.531019 0.0369792 0.0898148 0.829102 
1 0.762565 0.457639 0.0380208 0.0578704 0.833496 
1 0.617969 0.111806 0.0419271 0.0555556 0.834473 
1 0.323324 0.603472 0.0398112 0.0576389 0.835449 
0 0.305208 0.46713 0.025 0.0916667 0.838867 
1 0.664714 0.550463 0.0380208 0.0831019 0.838867 
0 0.720508 0.348611 0.0424479 0.0467593 0.839844 
0 0.727669 0.284259 0.0449219 0.0412037 0.844238 
1 0.611947 0.344676 0.0458984 0.062963 0.856445 
0 0.416406 0.196296 0.0375 0.0560185 0.857422 
0 0.366374 0.304398 0.0529297 0.0458333 0.85791 
0 0.770312 0.377778 0.0270833 0.0773148 0.859863 
0 0.573893 0.772917 0.0510417 0.0601852 0.861328 
0 0.733594 0.392361 0.041276 0.0638889 0.861328 
1 0.637891 0.233565 0.0494792 0.0467593 0.866699 
0 0.378776 0.355556 0.0429688 0.0648148 0.871094 
1 0.351823 0.433333 0.0485677 0.062963 0.87207 
1 0.48125 0.213252 0.0424479 0.0790509 0.877441 
1 0.313249 0.546962 0.0426432 0.0583912 0.883789 
1 0.364063 0.461806 0.0414062 0.0652778 0.884277 
