0 0.572656 0.371759 0.0208333 0.0638889 0.663574 
0 0.298698 0.64265 0.028125 0.0864583 0.821289 
1 0.324333 0.423843 0.0198242 0.106944 0.893555 
0 0.560417 0.829861 0.0203125 0.0907407 0.894043 
0 0.615495 0.690046 0.0565104 0.0416667 0.90332 
0 0.582552 0.809722 0.0294271 0.0921296 0.903809 
0 0.631543 0.649479 0.0494141 0.0658565 0.903809 
0 0.467578 0.465856 0.0585938 0.0506944 0.906738 
0 0.357812 0.429608 0.0526042 0.045298 0.908203 
0 0.657682 0.281019 0.0390625 0.0921296 0.909668 
0 0.405469 0.517593 0.0263021 0.105556 0.911621 
0 0.528451 0.564352 0.0602865 0.0527778 0.912598 
0 0.557536 0.627778 0.0489909 0.0708333 0.914062 
0 0.336914 0.65735 0.0544271 0.0491898 0.917969 
0 0.340755 0.372685 0.0453125 0.0768519 0.922363 
0 0.469792 0.398148 0.0614583 0.0643519 0.922852 
0 0.685767 0.667824 0.0381022 0.0652778 0.925781 
0 0.482552 0.520197 0.0565104 0.0586806 0.92627 
0 0.70026 0.617708 0.0486979 0.0449074 0.927246 
0 0.708667 0.363426 0.0541504 0.0532407 0.927246 
0 0.38724 0.554977 0.0273438 0.107176 0.927734 
0 0.34668 0.694676 0.047526 0.0773148 0.928711 
0 0.576562 0.691667 0.0298177 0.0967593 0.929199 
0 0.617188 0.594329 0.0298177 0.10162 0.929688 
0 0.66263 0.554167 0.0335937 0.0768519 0.929688 
0 0.591797 0.372454 0.0592448 0.0662037 0.931152 
0 0.50612 0.64728 0.0585938 0.053125 0.931152 
0 0.347135 0.480903 0.0533854 0.0615741 0.932129 
0 0.530534 0.412269 0.0477865 0.0842593 0.935059 
0 0.551823 0.491319 0.0630208 0.0642361 0.936035 
0 0.362826 0.519097 0.0402344 0.0905093 0.936035 
0 0.465885 0.593981 0.0567708 0.0678241 0.936035 
0 0.417057 0.438889 0.0570312 0.0574074 0.936035 
0 0.39974 0.123611 0.046875 0.0793981 0.938965 
0 0.58182 0.183912 0.0519857 0.0814815 0.941406 
0 0.627897 0.513628 0.0509766 0.0792245 0.946289 
