1 0.577035 0.422591 0.0344727 0.0300492 0.459961 
0 0.508252 0.857986 0.0165527 0.0821759 0.467773 
0 0.574414 0.297685 0.027474 0.0912037 0.644531 
1 0.633366 0.176157 0.0457682 0.0680556 0.748535 
0 0.513318 0.344907 0.0268799 0.0763889 0.76123 
0 0.579362 0.686285 0.0428385 0.0876157 0.766113 
0 0.401042 0.704167 0.0234375 0.0875 0.786133 
1 0.526652 0.395833 0.0534668 0.0462963 0.79248 
1 0.580843 0.447222 0.0297201 0.1 0.816895 
1 0.604232 0.169213 0.0421875 0.062037 0.821777 
0 0.573503 0.387037 0.028776 0.1 0.836914 
1 0.546745 0.569936 0.0261719 0.109201 0.839355 
1 0.547917 0.25787 0.025 0.0833333 0.852539 
1 0.514974 0.706713 0.0299479 0.0893519 0.856445 
0 0.496745 0.854398 0.0382813 0.0717593 0.863281 
0 0.600195 0.336574 0.0367188 0.0907407 0.864258 
0 0.391569 0.759259 0.0382161 0.0805556 0.868652 
0 0.45625 0.509722 0.0442708 0.0814815 0.869629 
0 0.477865 0.775694 0.0354167 0.0828704 0.869629 
0 0.460026 0.33125 0.0606771 0.0625 0.870605 
0 0.667839 0.360185 0.0440104 0.0722222 0.872559 
1 0.663542 0.299769 0.0278646 0.0888889 0.873047 
0 0.52644 0.265509 0.0244629 0.0888889 0.873047 
1 0.52194 0.637153 0.0540365 0.0446759 0.875488 
1 0.52474 0.739583 0.0317708 0.0787037 0.875488 
0 0.357031 0.651852 0.0361979 0.0925926 0.879395 
0 0.519226 0.525 0.0292562 0.0953704 0.882324 
0 0.621354 0.25787 0.0411458 0.0777778 0.883301 
0 0.481901 0.246007 0.0330729 0.096875 0.886719 
0 0.566406 0.181597 0.0389323 0.0858796 0.887207 
0 0.482552 0.671065 0.0289063 0.0939815 0.88916 
0 0.746354 0.305093 0.0385417 0.0935185 0.894531 
1 0.522656 0.447801 0.0395833 0.0701389 0.895996 
0 0.707812 0.325231 0.0328125 0.0907407 0.898438 
1 0.594792 0.847454 0.0425781 0.0666667 0.898926 
0 0.460677 0.759259 0.0416667 0.0689815 0.901367 
0 0.651432 0.422685 0.0375 0.0925926 0.901367 
0 0.527954 0.187963 0.0519043 0.0715278 0.90625 
