0 0.676388 0.560185 0.0192301 0.0574074 0.489258 
0 0.398958 0.422367 0.0408854 0.0302662 0.67627 
1 0.660547 0.4 0.0208333 0.0958333 0.782715 
1 0.739323 0.772454 0.0190104 0.0763889 0.804688 
1 0.416797 0.132726 0.0484375 0.0567708 0.807129 
1 0.645833 0.127546 0.0434896 0.0643519 0.810547 
1 0.482422 0.964815 0.0471354 0.0351852 0.811035 
1 0.612109 0.288889 0.0230469 0.0967593 0.816895 
1 0.565039 0.131019 0.0346354 0.0768519 0.817383 
1 0.642936 0.3875 0.0227214 0.101852 0.841309 
1 0.346159 0.267593 0.0253906 0.0847222 0.843262 
1 0.663672 0.562963 0.0429688 0.0564815 0.847656 
1 0.520638 0.958333 0.0472656 0.0407407 0.861328 
1 0.514128 0.0853588 0.0488281 0.0418981 0.864746 
1 0.632357 0.158449 0.0334635 0.075 0.869141 
1 0.627409 0.456019 0.0540365 0.0611111 0.869141 
1 0.673438 0.169792 0.0434896 0.0460648 0.873047 
1 0.580078 0.0844329 0.05 0.0356481 0.876953 
0 0.747917 0.393519 0.0290365 0.0842593 0.878418 
1 0.454818 0.904977 0.0361979 0.0530093 0.881836 
1 0.598242 0.159028 0.0266927 0.081713 0.883301 
0 0.399121 0.391667 0.0374349 0.0884259 0.883789 
1 0.713021 0.834491 0.040625 0.0731481 0.884766 
1 0.761198 0.736111 0.0289063 0.0819444 0.884766 
1 0.78151 0.416898 0.0286458 0.0851852 0.888672 
1 0.76875 0.331944 0.0299479 0.0791667 0.893066 
0 0.619401 0.594676 0.0494792 0.0837963 0.897949 
1 0.464323 0.925926 0.0348958 0.0472222 0.902832 
1 0.779557 0.58287 0.0329427 0.0793981 0.904785 
1 0.716667 0.610648 0.0390625 0.0699074 0.908691 
0 0.75638 0.5 0.0389323 0.0694444 0.911621 
