0 0.523438 0.665278 0.0546875 0.0546296 0.724121 
0 0.525208 0.6875 0.0220459 0.0833333 0.810547 
0 0.453776 0.421484 0.040625 0.0282407 0.820801 
0 0.457682 0.584838 0.0390625 0.0863426 0.893555 
0 0.43099 0.523611 0.0296875 0.0981481 0.902832 
0 0.66263 0.29537 0.0463542 0.0527778 0.907227 
0 0.364486 0.831019 0.0423828 0.0759259 0.908203 
0 0.496419 0.248322 0.0561198 0.0450231 0.912598 
0 0.504036 0.20787 0.0523438 0.0574074 0.916016 
0 0.509375 0.116782 0.0567708 0.0428241 0.916992 
0 0.505078 0.90463 0.0544271 0.0481481 0.918457 
0 0.595833 0.687963 0.0367188 0.0939815 0.918945 
0 0.392415 0.815278 0.0227214 0.087037 0.921387 
0 0.45 0.393981 0.0486979 0.0800926 0.921387 
0 0.574674 0.249537 0.0363281 0.10463 0.922852 
0 0.394141 0.222685 0.0325521 0.0986111 0.925293 
0 0.646224 0.662442 0.0354167 0.101042 0.925781 
0 0.354427 0.637905 0.0606771 0.0565972 0.927734 
0 0.424089 0.393981 0.05 0.0717593 0.928223 
0 0.617448 0.318519 0.0434896 0.0634259 0.928711 
0 0.511178 0.487847 0.0228923 0.105787 0.929688 
0 0.630176 0.578588 0.0328776 0.0990741 0.931152 
0 0.41875 0.3125 0.0270833 0.0972222 0.932617 
0 0.324805 0.480556 0.05625 0.0574074 0.933594 
0 0.596745 0.390278 0.028125 0.0976852 0.934082 
0 0.448958 0.258738 0.0489583 0.0732639 0.934082 
0 0.495964 0.757176 0.0299479 0.103241 0.935059 
0 0.378841 0.758333 0.0532552 0.0518519 0.937012 
0 0.305843 0.362269 0.0479492 0.0921296 0.937012 
0 0.563802 0.351157 0.052474 0.0699074 0.937012 
0 0.683854 0.426931 0.0567708 0.0404659 0.938965 
0 0.627376 0.221933 0.0447266 0.0834491 0.939453 
0 0.673828 0.521672 0.046875 0.0946181 0.942871 
0 0.374935 0.511111 0.0480469 0.0712963 0.945801 
0 0.564811 0.456843 0.0477214 0.0830729 0.947266 
0 0.555794 0.797685 0.0485677 0.0865741 0.94873 
0 0.620443 0.503241 0.0510417 0.062963 0.94873 
