1 0.40625 0.559259 0.0445313 0.0590278 0.487305 
0 0.363802 0.178704 0.0460938 0.0490741 0.537598 
1 0.386165 0.578125 0.0229818 0.0960648 0.695312 
1 0.508854 0.444213 0.0177734 0.0736111 0.701172 
0 0.327393 0.557407 0.0325846 0.0675926 0.760742 
1 0.376074 0.607176 0.0207682 0.0856481 0.773926 
0 0.367513 0.553704 0.0188802 0.0777778 0.775391 
0 0.352995 0.200116 0.0429688 0.0395833 0.779785 
1 0.41224 0.539005 0.0497396 0.0460648 0.789551 
1 0.309635 0.475463 0.0401042 0.0550926 0.794922 
0 0.35599 0.353935 0.0378906 0.0680556 0.803223 
1 0.498372 0.44919 0.0397135 0.0849537 0.817871 
0 0.467057 0.608796 0.0479167 0.0449074 0.833984 
0 0.333577 0.211458 0.0422201 0.0435185 0.836914 
1 0.440755 0.580208 0.0377604 0.0761574 0.838867 
0 0.482422 0.562037 0.0463542 0.062037 0.838867 
0 0.396842 0.180671 0.0279297 0.0826389 0.846191 
1 0.374674 0.25625 0.0467448 0.0356481 0.84668 
0 0.404427 0.314352 0.0190104 0.0907407 0.849121 
1 0.3125 0.625463 0.0395833 0.0439815 0.849609 
0 0.421745 0.315509 0.0182292 0.0837963 0.852539 
0 0.405469 0.613252 0.0216146 0.091088 0.858887 
1 0.428125 0.221759 0.0263021 0.0740741 0.858887 
0 0.434245 0.510069 0.046875 0.0599537 0.865234 
0 0.386198 0.498611 0.0536458 0.0453704 0.870117 
1 0.422917 0.456481 0.0518229 0.0509259 0.871094 
0 0.338672 0.459722 0.0449219 0.0564815 0.871094 
0 0.349479 0.665278 0.0442708 0.0421296 0.871582 
0 0.473568 0.669213 0.0427083 0.0648148 0.874023 
0 0.294792 0.249769 0.0171875 0.0800926 0.874512 
0 0.342643 0.621412 0.0434896 0.0655093 0.875 
0 0.289323 0.415972 0.0307292 0.0851852 0.875488 
0 0.523779 0.641725 0.0473633 0.0396991 0.876953 
1 0.307812 0.55787 0.0291667 0.0694444 0.876953 
1 0.439974 0.302778 0.0213542 0.0930556 0.880371 
0 0.262939 0.345139 0.0257161 0.0893519 0.882812 
1 0.355143 0.286574 0.0282552 0.0796296 0.885742 
1 0.438411 0.173958 0.0429688 0.0569444 0.885742 
1 0.39821 0.672222 0.0306641 0.0847222 0.887695 
0 0.330322 0.275694 0.0312826 0.0689815 0.88916 
0 0.264941 0.244387 0.0297526 0.072338 0.893066 
0 0.386068 0.313889 0.021875 0.0865741 0.895508 
1 0.443359 0.649306 0.0434896 0.049537 0.899902 
1 0.561117 0.289352 0.0504232 0.0393519 0.900879 
