0 0.640755 0.28912 0.0322917 0.0898148 0.673828 
1 0.578125 0.139005 0.0334635 0.0736111 0.688965 
1 0.326579 0.655729 0.0223633 0.0931713 0.788574 
1 0.659505 0.403935 0.0427083 0.0481481 0.869629 
1 0.315104 0.71088 0.0364583 0.0439815 0.889648 
0 0.467839 0.34537 0.0299479 0.0949074 0.897949 
0 0.460026 0.786806 0.0549479 0.0583333 0.898926 
0 0.426042 0.467187 0.0390625 0.0760417 0.904297 
0 0.488281 0.379861 0.0497396 0.0583333 0.911133 
0 0.400911 0.690278 0.0369792 0.0865741 0.911133 
0 0.668359 0.61603 0.034375 0.0836806 0.914551 
0 0.293359 0.426389 0.0317708 0.0925926 0.916016 
0 0.408333 0.147917 0.0299479 0.0893519 0.916992 
0 0.331706 0.25162 0.0388021 0.0787037 0.917969 
0 0.479036 0.590625 0.0257812 0.0914352 0.918945 
0 0.533268 0.393981 0.0339844 0.0912037 0.921875 
0 0.541667 0.308102 0.053125 0.0476852 0.922363 
0 0.546094 0.719213 0.0395833 0.0597222 0.922363 
0 0.690104 0.481481 0.0346354 0.0657407 0.924316 
0 0.6375 0.368519 0.0315104 0.0884259 0.92627 
0 0.345313 0.503009 0.0450521 0.0761574 0.927246 
0 0.413151 0.327083 0.0427083 0.0819444 0.928223 
0 0.442969 0.569444 0.053125 0.0462963 0.928711 
0 0.552214 0.650868 0.0342448 0.0945602 0.932129 
0 0.572396 0.493461 0.021875 0.0850694 0.933105 
0 0.581315 0.305787 0.0375 0.0884259 0.93457 
0 0.610417 0.566204 0.0533854 0.0518519 0.936035 
0 0.429297 0.21603 0.0429688 0.078125 0.936035 
0 0.508203 0.554167 0.0466146 0.0555556 0.9375 
0 0.507031 0.115856 0.0484375 0.0613426 0.937988 
0 0.598698 0.392361 0.0459635 0.0611111 0.939941 
0 0.611849 0.220602 0.0428385 0.0722222 0.942383 
1 0.651693 0.606597 0.0364583 0.068287 0.942383 
0 0.520964 0.175694 0.0424479 0.0627315 0.944824 
0 0.661458 0.470819 0.0260417 0.0953993 0.951172 
