1 0.62474 0.573611 0.0322917 0.037037 0.710449 
1 0.536458 0.309722 0.0265625 0.0787037 0.733398 
1 0.413411 0.121759 0.0283854 0.0861111 0.752441 
1 0.619954 0.747917 0.0291016 0.0828704 0.767578 
1 0.436328 0.0583767 0.0341146 0.0788484 0.767578 
1 0.421484 0.855324 0.0286458 0.0884259 0.771484 
1 0.427344 0.35787 0.0286458 0.0888889 0.773438 
1 0.566634 0.811806 0.0349609 0.0800926 0.773926 
1 0.633431 0.460503 0.0508464 0.0446181 0.783691 
1 0.262826 0.671065 0.0488281 0.050463 0.793457 
1 0.651302 0.566088 0.0307292 0.09375 0.795898 
1 0.624251 0.599537 0.0353516 0.0877315 0.796387 
1 0.678646 0.467289 0.0489583 0.0524595 0.799316 
1 0.498177 0.735185 0.0328125 0.087037 0.804199 
1 0.685531 0.542014 0.0381836 0.0736111 0.805664 
1 0.544271 0.588889 0.0322917 0.0789352 0.806641 
1 0.642839 0.389815 0.0440104 0.0671296 0.808105 
1 0.546875 0.387269 0.0385417 0.0712963 0.812012 
1 0.679268 0.33912 0.0255778 0.0787037 0.815918 
1 0.523088 0.376852 0.0456217 0.0601852 0.819824 
1 0.597005 0.455671 0.0454427 0.05625 0.820801 
1 0.434375 0.433861 0.0453125 0.0523003 0.821289 
1 0.392708 0.449942 0.0377604 0.0837963 0.822266 
1 0.512512 0.250926 0.0258219 0.0828704 0.824219 
1 0.604883 0.405787 0.0477865 0.0638889 0.824707 
1 0.578402 0.527546 0.049707 0.0581019 0.827148 
1 0.561719 0.262963 0.0432292 0.0425926 0.827637 
1 0.491146 0.469227 0.0393229 0.0796007 0.831055 
1 0.466667 0.241609 0.0351562 0.0760417 0.832031 
1 0.524805 0.0633102 0.0441406 0.0487269 0.833496 
1 0.358073 0.192593 0.049349 0.0446759 0.834473 
1 0.369792 0.0810764 0.0494792 0.0416667 0.838379 
1 0.507031 0.592824 0.0395833 0.0780093 0.84375 
1 0.351172 0.550926 0.0369792 0.0796296 0.849609 
1 0.601237 0.738657 0.0316406 0.0893519 0.850098 
1 0.274479 0.183796 0.0374349 0.0768519 0.853027 
1 0.497721 0.159491 0.0514323 0.0465278 0.853027 
1 0.443099 0.497208 0.0526042 0.0632234 0.85498 
1 0.316178 0.284954 0.0367839 0.0648148 0.861816 
1 0.461198 0.44537 0.0375 0.0753472 0.861816 
