0 0.71237 0.385185 0.0247396 0.0930556 0.502441 
1 0.408854 0.633738 0.0359375 0.0936343 0.566895 
0 0.498372 0.752778 0.0397135 0.0824074 0.641113 
0 0.531836 0.278704 0.0363281 0.0916667 0.666992 
0 0.62959 0.526852 0.0397786 0.087963 0.681152 
0 0.524219 0.653472 0.0604167 0.0425926 0.681641 
0 0.464583 0.319444 0.0351562 0.0986111 0.71875 
0 0.285156 0.336111 0.0463542 0.0509259 0.721191 
1 0.399837 0.452315 0.051888 0.0398148 0.721191 
1 0.270968 0.616956 0.0179606 0.0883102 0.736816 
1 0.349479 0.644734 0.0407552 0.0896991 0.738281 
0 0.55651 0.240509 0.053125 0.0375 0.819824 
1 0.557015 0.140741 0.0518555 0.0398148 0.871094 
1 0.514062 0.344907 0.0536458 0.0527778 0.875977 
0 0.520939 0.805556 0.0423665 0.0407407 0.883301 
1 0.389062 0.26875 0.0442708 0.0800926 0.885254 
1 0.445964 0.0895255 0.0528646 0.0512731 0.893555 
0 0.411719 0.271817 0.0421875 0.0984954 0.898438 
1 0.705607 0.547946 0.0376139 0.0740162 0.900391 
0 0.664974 0.699769 0.0575521 0.0444444 0.904297 
0 0.686719 0.466334 0.025 0.0976562 0.905273 
0 0.474609 0.591898 0.0265625 0.099537 0.906738 
0 0.498958 0.426157 0.0236979 0.109722 0.910645 
1 0.460677 0.112847 0.046875 0.0699074 0.913086 
0 0.473438 0.655729 0.0497396 0.0788194 0.915527 
0 0.611003 0.778935 0.0269531 0.0907407 0.917969 
0 0.289323 0.536343 0.0260417 0.103009 0.921387 
1 0.640658 0.18206 0.0423828 0.0673611 0.924316 
0 0.526042 0.130208 0.0458333 0.0752315 0.927734 
0 0.402474 0.718056 0.0294271 0.087963 0.928223 
0 0.638249 0.403935 0.0646484 0.062963 0.928223 
0 0.602995 0.645833 0.0292969 0.0953704 0.928223 
0 0.304688 0.436343 0.0286458 0.108796 0.930664 
0 0.483203 0.547946 0.0328125 0.105498 0.931152 
0 0.377734 0.424537 0.0533854 0.0657407 0.934082 
