0 0.282813 0.575463 0.0346354 0.0342593 0.474365 
1 0.413021 0.783102 0.0458333 0.0611111 0.526855 
0 0.399219 0.833565 0.0450521 0.0726852 0.606934 
0 0.498437 0.820139 0.0453125 0.075463 0.631836 
0 0.635156 0.73125 0.0302083 0.0856481 0.662598 
1 0.499805 0.784259 0.0352865 0.0824074 0.667969 
1 0.516406 0.826389 0.0260417 0.0837963 0.674805 
0 0.415885 0.735417 0.0486979 0.0601852 0.687012 
0 0.54974 0.866551 0.0515625 0.0372685 0.776855 
0 0.48724 0.740972 0.0471354 0.0777778 0.790527 
1 0.522591 0.591551 0.0542969 0.0615741 0.850586 
1 0.363932 0.485127 0.0606771 0.0452546 0.861816 
0 0.504883 0.887153 0.050651 0.0368056 0.877441 
1 0.514425 0.466319 0.0285075 0.109954 0.885254 
0 0.662109 0.663021 0.0252604 0.104051 0.900879 
0 0.414583 0.677315 0.0447917 0.0731481 0.903809 
1 0.280729 0.597106 0.0380208 0.0775463 0.90625 
0 0.677995 0.659317 0.0265625 0.0952546 0.907227 
0 0.599284 0.82338 0.0442708 0.0712963 0.907227 
1 0.30026 0.696991 0.0505208 0.0462963 0.910156 
1 0.263607 0.551852 0.0207031 0.0861111 0.913574 
1 0.397786 0.419907 0.0276042 0.108333 0.914062 
0 0.453516 0.591898 0.0328125 0.110185 0.915039 
1 0.357096 0.174884 0.055599 0.0747685 0.918457 
1 0.332031 0.79213 0.04375 0.0708333 0.919434 
0 0.511133 0.2375 0.0235677 0.106481 0.92334 
1 0.302482 0.253241 0.0408691 0.0888889 0.926758 
0 0.522852 0.135069 0.0454427 0.0833333 0.929199 
0 0.556445 0.43287 0.0292969 0.112963 0.931641 
1 0.283496 0.496644 0.0373698 0.0780093 0.931641 
1 0.673828 0.331481 0.0213542 0.10463 0.932617 
0 0.26849 0.425 0.0354167 0.087037 0.933594 
0 0.526188 0.553241 0.0519206 0.0706019 0.934082 
1 0.366471 0.707639 0.0272135 0.100926 0.93457 
1 0.642578 0.528559 0.0611979 0.0530671 0.936523 
1 0.371419 0.821296 0.0454427 0.0671296 0.937012 
0 0.494271 0.325463 0.0307292 0.0944444 0.938477 
0 0.363607 0.242824 0.0540365 0.0814815 0.939453 
0 0.474089 0.240278 0.0510417 0.0893519 0.943359 
0 0.390365 0.587037 0.0523438 0.087963 0.943359 
0 0.609896 0.40463 0.0572917 0.0731481 0.943359 
1 0.553646 0.299074 0.0578125 0.0685185 0.949219 
