1 0.515723 0.425731 0.0314128 0.0378906 0.505371 
0 0.51901 0.0894676 0.0552083 0.0456019 0.519531 
1 0.566667 0.217824 0.0333333 0.0773148 0.541016 
0 0.440495 0.756481 0.0533854 0.0759259 0.59375 
1 0.472656 0.702315 0.0330729 0.113426 0.773926 
0 0.290885 0.363194 0.0286458 0.1 0.812012 
1 0.601823 0.147338 0.0592448 0.0453704 0.816895 
1 0.383171 0.535764 0.0375651 0.104167 0.819824 
1 0.418099 0.520486 0.0442708 0.0884259 0.819824 
1 0.563851 0.106539 0.0230794 0.0896991 0.828613 
1 0.554688 0.295139 0.0557292 0.0509259 0.834961 
1 0.360384 0.787037 0.0656901 0.0476852 0.836914 
1 0.55 0.261574 0.0604167 0.0398148 0.836914 
0 0.431771 0.492752 0.0450521 0.0850984 0.839355 
1 0.349219 0.566927 0.0401042 0.103183 0.840332 
1 0.420052 0.315046 0.0601563 0.0643519 0.847168 
1 0.571289 0.552662 0.0688802 0.0539352 0.853516 
1 0.68151 0.313657 0.0549479 0.050463 0.853516 
1 0.467187 0.0857928 0.0351562 0.0867477 0.85498 
1 0.37041 0.425926 0.0529297 0.0675926 0.855957 
1 0.729704 0.614236 0.0452799 0.0900463 0.85791 
1 0.497852 0.405556 0.0527344 0.0740741 0.859863 
1 0.633366 0.785185 0.0603516 0.0601852 0.862305 
1 0.332552 0.338889 0.0423177 0.100463 0.863281 
1 0.378613 0.616898 0.0526693 0.0819444 0.865234 
1 0.37972 0.179282 0.0288411 0.105093 0.868164 
1 0.47526 0.211574 0.0601563 0.0412037 0.871094 
1 0.411849 0.854745 0.0421875 0.0803241 0.872559 
1 0.654948 0.674537 0.0320312 0.113426 0.875488 
1 0.330485 0.732176 0.059082 0.0583333 0.878906 
0 0.355729 0.155903 0.0518229 0.0733796 0.882812 
1 0.51901 0.169676 0.0376953 0.0789352 0.883789 
