0 0.464453 0.687963 0.05 0.0671296 0.59375 
0 0.416797 0.758102 0.0541667 0.0587963 0.627441 
1 0.453646 0.864815 0.0270833 0.0787037 0.640137 
1 0.316797 0.588426 0.0544271 0.0456019 0.751953 
0 0.424089 0.411343 0.0518229 0.0837963 0.776367 
0 0.465885 0.431713 0.0408854 0.0986111 0.816895 
1 0.356706 0.809028 0.0507812 0.037037 0.856445 
1 0.384603 0.475072 0.0438151 0.0780961 0.86084 
0 0.365104 0.836343 0.0489583 0.0365741 0.865723 
0 0.352474 0.740509 0.0457031 0.0472222 0.893066 
0 0.518229 0.542274 0.0505208 0.0543403 0.915039 
1 0.541406 0.602083 0.0427083 0.0726852 0.919434 
1 0.630534 0.569329 0.0472656 0.0685185 0.924805 
1 0.62321 0.441667 0.0207682 0.115741 0.925781 
1 0.332243 0.44838 0.0545247 0.0347222 0.926758 
0 0.517839 0.686863 0.0358724 0.0924769 0.927734 
0 0.436849 0.633565 0.0361979 0.0898148 0.928223 
1 0.565039 0.355324 0.0378906 0.0925926 0.930176 
0 0.693229 0.467477 0.0255208 0.0974537 0.930664 
0 0.443099 0.203356 0.0544271 0.0456019 0.931152 
0 0.255404 0.493967 0.0261719 0.099103 0.931641 
0 0.577214 0.822454 0.0454427 0.0476852 0.93457 
1 0.339583 0.417824 0.0471354 0.037963 0.935547 
1 0.652734 0.307407 0.0223958 0.0888889 0.936035 
0 0.44974 0.158565 0.0479167 0.0787037 0.936523 
0 0.597786 0.562269 0.05 0.0634259 0.937012 
1 0.326042 0.506134 0.0334635 0.0895833 0.9375 
0 0.302083 0.442564 0.0359375 0.0713542 0.937988 
0 0.663802 0.449769 0.0354167 0.0949074 0.938965 
0 0.521289 0.590625 0.0496094 0.0784722 0.938965 
0 0.301644 0.659664 0.0321289 0.0853009 0.938965 
0 0.568685 0.411343 0.05625 0.0467593 0.943848 
1 0.602409 0.705324 0.0209635 0.0962963 0.944824 
0 0.41263 0.477156 0.0486979 0.0716146 0.945801 
1 0.560156 0.476968 0.0458333 0.0729167 0.954102 
