1 0.679688 0.577778 0.0369792 0.0296296 0.638672 
1 0.509859 0.547685 0.0197347 0.0712963 0.808594 
1 0.426432 0.25353 0.0231771 0.107755 0.893066 
1 0.581576 0.845602 0.025 0.102315 0.899902 
0 0.419401 0.549537 0.0523438 0.075 0.899902 
1 0.33457 0.324537 0.0585938 0.0449074 0.901855 
1 0.617806 0.720833 0.0315755 0.1 0.910645 
1 0.507357 0.627546 0.0342448 0.0810185 0.914062 
1 0.592904 0.702778 0.0397135 0.0824074 0.915039 
1 0.402441 0.451953 0.0620443 0.0389178 0.915527 
1 0.3125 0.36088 0.0411458 0.0361111 0.916992 
1 0.532813 0.227431 0.0276042 0.0965278 0.916992 
1 0.451172 0.275694 0.0174479 0.107407 0.918457 
1 0.524154 0.363889 0.0266927 0.1 0.918945 
1 0.522396 0.511791 0.0213542 0.10952 0.92041 
1 0.523861 0.76088 0.0479818 0.0587963 0.921875 
1 0.267708 0.463542 0.0203125 0.10162 0.921875 
1 0.568669 0.372685 0.0220378 0.0962963 0.92334 
1 0.4625 0.661574 0.0361979 0.0962963 0.92334 
1 0.680078 0.606076 0.0375 0.0836806 0.924316 
1 0.389062 0.72037 0.04375 0.0935185 0.924316 
1 0.623828 0.424537 0.0330729 0.0925926 0.925293 
1 0.655892 0.525 0.0611328 0.0444444 0.925293 
1 0.482943 0.258333 0.0476562 0.0726852 0.930176 
1 0.647396 0.363426 0.0619792 0.0523148 0.931152 
1 0.428516 0.526042 0.0489583 0.0615741 0.931641 
1 0.326693 0.537384 0.0303385 0.0949074 0.931641 
1 0.355208 0.4375 0.0334635 0.0935185 0.932617 
1 0.471745 0.458681 0.0260417 0.100926 0.932617 
1 0.721647 0.454557 0.0294922 0.0927373 0.933105 
0 0.696875 0.498857 0.0252604 0.0958044 0.93457 
1 0.55651 0.664815 0.0302083 0.0884259 0.935547 
1 0.329427 0.7625 0.0502604 0.0611111 0.938965 
1 0.443359 0.453588 0.0346354 0.0946759 0.941406 
1 0.569873 0.284491 0.0555664 0.0648148 0.941406 
1 0.494596 0.544444 0.0498698 0.075 0.945312 
1 0.385417 0.380556 0.0601563 0.0601852 0.949219 
