1 0.677885 0.564236 0.0231364 0.0581019 0.509277 
1 0.447656 0.865972 0.0489583 0.0847222 0.693848 
1 0.442708 0.0795573 0.053125 0.0485243 0.705078 
1 0.617383 0.179282 0.039974 0.0828704 0.708008 
0 0.458333 0.758565 0.03125 0.100463 0.779785 
1 0.499609 0.125694 0.0296875 0.0912037 0.794434 
1 0.419141 0.195486 0.028125 0.107639 0.796875 
1 0.470703 0.292593 0.0299479 0.110185 0.79834 
1 0.394043 0.208738 0.0426432 0.0834491 0.813477 
1 0.396973 0.258275 0.0524089 0.0607639 0.81543 
1 0.665234 0.530556 0.0601563 0.0407407 0.820801 
1 0.630143 0.164468 0.0397135 0.087037 0.821289 
0 0.336068 0.302083 0.0372396 0.108333 0.829102 
1 0.655078 0.565278 0.0598958 0.0467593 0.831055 
1 0.486328 0.150781 0.0294271 0.103067 0.831055 
1 0.403678 0.126823 0.0580078 0.0495949 0.833496 
1 0.627214 0.731481 0.0625 0.0564815 0.835449 
1 0.621842 0.391667 0.0276693 0.110185 0.838867 
1 0.423828 0.553356 0.0335937 0.118519 0.839844 
1 0.364323 0.244618 0.0388021 0.105208 0.839844 
1 0.310417 0.377546 0.0463542 0.0597222 0.848633 
1 0.442839 0.78287 0.0283854 0.101389 0.849609 
1 0.554427 0.713426 0.0578125 0.0467593 0.850586 
1 0.538281 0.515741 0.0307292 0.112963 0.853516 
1 0.386068 0.423843 0.0390625 0.105093 0.853516 
1 0.448698 0.598553 0.0429688 0.104282 0.861328 
0 0.677604 0.416667 0.0291667 0.108333 0.86377 
1 0.563021 0.236169 0.0401042 0.0915509 0.866211 
1 0.698348 0.575231 0.058252 0.0560185 0.870117 
1 0.619466 0.77338 0.0553385 0.074537 0.870605 
1 0.725993 0.528704 0.0558268 0.0398148 0.876953 
1 0.603776 0.272685 0.044401 0.0893519 0.877441 
