0 0.367415 0.730093 0.0537109 0.0467593 0.49292 
1 0.558854 0.186227 0.0229167 0.0923611 0.614258 
1 0.272664 0.403009 0.0287598 0.0796296 0.637695 
1 0.494922 0.914815 0.0466146 0.0407407 0.650391 
1 0.435677 0.170833 0.04375 0.0717593 0.65918 
0 0.32526 0.285417 0.0161458 0.0671296 0.680664 
1 0.484115 0.142708 0.0523438 0.0449074 0.692383 
1 0.627344 0.71713 0.0549479 0.0398148 0.715332 
1 0.519678 0.492303 0.0397461 0.0753472 0.742676 
0 0.511589 0.128241 0.0466146 0.0520833 0.760254 
1 0.45 0.921296 0.0473958 0.0388889 0.763184 
1 0.448568 0.736574 0.0239583 0.0944444 0.76709 
0 0.43776 0.511314 0.0255208 0.0954282 0.775391 
0 0.360807 0.854514 0.0436198 0.0594907 0.777832 
1 0.39375 0.856829 0.0505208 0.0539352 0.782715 
1 0.415755 0.762963 0.0481771 0.0384259 0.782715 
0 0.603581 0.876157 0.046875 0.0587963 0.801758 
0 0.654167 0.786574 0.0453125 0.0407407 0.821289 
1 0.503385 0.879514 0.053125 0.0391204 0.822266 
0 0.312109 0.681713 0.0458333 0.0467593 0.82666 
0 0.566146 0.268981 0.034375 0.0527778 0.83252 
1 0.373145 0.770833 0.0435547 0.062037 0.839844 
1 0.303125 0.308565 0.0289063 0.0847222 0.857422 
0 0.338216 0.284954 0.0421875 0.0648148 0.86377 
0 0.315625 0.775694 0.03125 0.074537 0.864258 
1 0.485677 0.622685 0.0546875 0.0402778 0.867188 
1 0.284212 0.715972 0.0297526 0.0828704 0.873535 
0 0.333333 0.319907 0.050651 0.0462963 0.876465 
1 0.360482 0.506019 0.0415365 0.0712963 0.876953 
0 0.439063 0.798148 0.0583333 0.0435185 0.878418 
0 0.543555 0.143981 0.0222005 0.0863426 0.880371 
0 0.355143 0.552894 0.0360677 0.0835648 0.885254 
1 0.499089 0.73588 0.0528646 0.0509259 0.88623 
0 0.463021 0.653704 0.0570312 0.0462963 0.888672 
0 0.692261 0.465856 0.0479004 0.0590278 0.893555 
0 0.716146 0.63235 0.0286458 0.0890046 0.899902 
1 0.409766 0.331713 0.0486979 0.0578704 0.900391 
0 0.57513 0.632407 0.0572917 0.0509259 0.901367 
1 0.459375 0.194907 0.0359375 0.0828704 0.902344 
0 0.383073 0.698611 0.0544271 0.0444444 0.904297 
0 0.666146 0.751157 0.0460938 0.0425926 0.905273 
0 0.530469 0.690278 0.0515625 0.0564815 0.905762 
0 0.663021 0.463079 0.0356771 0.0951389 0.906738 
0 0.614583 0.218634 0.0429688 0.0793981 0.909668 
1 0.47487 0.565394 0.0286458 0.0865741 0.911133 
1 0.632454 0.65 0.0499349 0.062037 0.914062 
0 0.465104 0.265046 0.0442708 0.0611111 0.91748 
1 0.455599 0.462847 0.053125 0.0493056 0.918945 
0 0.638542 0.34838 0.0291667 0.105093 0.918945 
1 0.275781 0.575 0.0442708 0.0361111 0.92041 
0 0.582096 0.434722 0.0264323 0.100926 0.920898 
0 0.490234 0.244965 0.0348958 0.0878472 0.921875 
0 0.624284 0.765972 0.0457031 0.0657407 0.922363 
1 0.30651 0.585417 0.0380208 0.0655093 0.925293 
0 0.603711 0.303009 0.0536458 0.0490741 0.928711 
1 0.30651 0.377546 0.0338542 0.087963 0.928711 
1 0.310677 0.6375 0.0453125 0.0476852 0.929199 
0 0.425391 0.271759 0.0442708 0.0777778 0.932129 
0 0.520312 0.237037 0.0401693 0.0819444 0.932617 
0 0.54078 0.393519 0.0339355 0.099537 0.935059 
