1 0.694661 0.219387 0.05625 0.0519676 0.665039 
0 0.512626 0.505122 0.0254639 0.0601273 0.769531 
0 0.570768 0.4284 0.0441406 0.041985 0.781738 
0 0.399902 0.791204 0.0382161 0.103704 0.849609 
0 0.5106 0.105556 0.0208577 0.0849537 0.853027 
1 0.582015 0.0953704 0.0539388 0.0356481 0.86084 
0 0.659115 0.574306 0.0247396 0.11713 0.874512 
0 0.486198 0.547222 0.0645833 0.0425926 0.887207 
0 0.682031 0.57037 0.0322917 0.0444444 0.892578 
0 0.746224 0.684954 0.0348958 0.0856481 0.894531 
0 0.416927 0.705093 0.0481771 0.0972222 0.89502 
0 0.466276 0.13206 0.0278646 0.0928241 0.898438 
0 0.651172 0.714352 0.0367188 0.108333 0.902344 
0 0.406641 0.382639 0.0622396 0.0541667 0.905762 
0 0.681641 0.603588 0.0294271 0.110417 0.910645 
0 0.404818 0.335648 0.0622396 0.062037 0.916016 
0 0.50013 0.696296 0.0700521 0.0564815 0.916504 
0 0.30166 0.478819 0.0242839 0.0988426 0.919434 
0 0.493294 0.505208 0.0644531 0.0518519 0.920898 
0 0.574479 0.619792 0.0375 0.113194 0.922852 
0 0.727897 0.611574 0.0451172 0.0643519 0.924316 
0 0.522498 0.61059 0.0323486 0.113079 0.925293 
0 0.653385 0.367361 0.0411458 0.100926 0.925781 
1 0.552604 0.906597 0.0484375 0.0636574 0.92627 
0 0.509245 0.817824 0.0299479 0.100926 0.928223 
0 0.54401 0.860764 0.0526042 0.0701389 0.930176 
0 0.570052 0.394444 0.0425781 0.116204 0.931152 
0 0.633464 0.185764 0.0325521 0.114583 0.932617 
0 0.4875 0.181019 0.0515625 0.0865741 0.934082 
0 0.560677 0.146065 0.0453125 0.0789352 0.93457 
0 0.712695 0.286806 0.0520833 0.0569444 0.935059 
0 0.554688 0.239352 0.0588542 0.0527778 0.936035 
0 0.730729 0.343056 0.0503906 0.0592593 0.942383 
