0 0.574479 0.515741 0.0177083 0.0638889 0.691895 
1 0.530208 0.424023 0.0395833 0.0329716 0.758301 
1 0.518514 0.430208 0.0338053 0.0905093 0.770508 
0 0.645964 0.497106 0.0226562 0.100231 0.796875 
0 0.47474 0.851505 0.0234375 0.0988426 0.802734 
0 0.62002 0.427322 0.0328776 0.0398003 0.811523 
0 0.486198 0.286111 0.0291667 0.0847222 0.828613 
0 0.414583 0.35463 0.0445313 0.0902778 0.833008 
0 0.452995 0.277315 0.0338542 0.0712963 0.843262 
0 0.433333 0.263194 0.0346354 0.0810185 0.859863 
0 0.657031 0.502387 0.0268229 0.104253 0.861816 
0 0.578125 0.779861 0.0251302 0.0888889 0.872559 
0 0.497005 0.240046 0.0226562 0.0912037 0.873047 
0 0.503711 0.60434 0.0269531 0.107523 0.879883 
0 0.486458 0.628125 0.0234375 0.103472 0.882812 
0 0.539705 0.311806 0.03986 0.0967593 0.887695 
1 0.375684 0.710185 0.0197266 0.1 0.890625 
0 0.348372 0.465972 0.0273438 0.0986111 0.892578 
0 0.46276 0.355324 0.0554687 0.0638889 0.893066 
0 0.676595 0.791204 0.0179362 0.0828704 0.89502 
1 0.436849 0.42963 0.0294271 0.0962963 0.898926 
0 0.592057 0.36412 0.0338542 0.0976852 0.900391 
0 0.469271 0.16088 0.0520833 0.0474537 0.905762 
0 0.551562 0.691667 0.0354167 0.112037 0.907227 
0 0.62972 0.665278 0.0270182 0.101389 0.909668 
0 0.445052 0.195023 0.0346354 0.0722222 0.910156 
1 0.315885 0.757176 0.0328125 0.0861111 0.913574 
0 0.44987 0.719444 0.0359375 0.0976852 0.915527 
0 0.61862 0.395833 0.034375 0.103241 0.916992 
0 0.406771 0.734028 0.0479167 0.0412037 0.916992 
1 0.530729 0.4 0.0380859 0.0805556 0.919434 
0 0.742594 0.57662 0.0312174 0.075463 0.921875 
0 0.551302 0.162269 0.0407552 0.0763889 0.922363 
0 0.408464 0.798843 0.0372396 0.0731481 0.925293 
0 0.422786 0.636111 0.0533854 0.0560185 0.928223 
0 0.593685 0.512587 0.0575521 0.0706597 0.928223 
0 0.68741 0.578125 0.036377 0.0569444 0.928223 
1 0.409375 0.883218 0.0463542 0.0576389 0.928711 
0 0.384245 0.619039 0.0533854 0.0670139 0.929688 
