0 0.366146 0.781019 0.053125 0.0462963 0.690918 
0 0.374089 0.434021 0.0481771 0.0539497 0.757324 
1 0.501237 0.194213 0.0621094 0.0425926 0.766113 
1 0.399349 0.700926 0.0278646 0.100463 0.772461 
1 0.482031 0.159491 0.0536458 0.0425926 0.790039 
1 0.55765 0.134462 0.0610026 0.0407986 0.791504 
0 0.529679 0.237963 0.0609538 0.0578704 0.79541 
0 0.660677 0.224016 0.0338542 0.103356 0.796875 
0 0.448828 0.161834 0.0309896 0.0920718 0.816406 
0 0.364323 0.741435 0.05625 0.0560185 0.820312 
1 0.591211 0.797917 0.0511719 0.0546296 0.826172 
1 0.689063 0.297222 0.0403646 0.10463 0.830566 
0 0.574919 0.182176 0.0566732 0.0731481 0.842773 
1 0.517904 0.150694 0.0548177 0.0425926 0.844238 
1 0.414974 0.164815 0.0294271 0.0858796 0.849121 
1 0.644564 0.329861 0.0389974 0.0875 0.850098 
0 0.469141 0.284664 0.0325521 0.0996528 0.850586 
1 0.642415 0.444444 0.0578776 0.050463 0.851074 
1 0.430599 0.1625 0.0333333 0.0770833 0.852539 
1 0.559375 0.300231 0.0479167 0.0462963 0.855957 
1 0.357292 0.493519 0.0432292 0.0916667 0.862305 
1 0.599089 0.42581 0.0273438 0.113194 0.863281 
1 0.573372 0.815509 0.0457031 0.0856481 0.865723 
1 0.588216 0.617245 0.0639323 0.0534722 0.868652 
0 0.542708 0.827778 0.0442708 0.0828704 0.870117 
1 0.487044 0.704167 0.0602865 0.0592593 0.871582 
1 0.589648 0.514497 0.0414062 0.0978588 0.872559 
1 0.646615 0.616551 0.0591146 0.0576389 0.875488 
0 0.606152 0.708333 0.0569661 0.074537 0.878418 
1 0.719661 0.667361 0.0455729 0.0833333 0.881836 
1 0.548438 0.491667 0.0369792 0.102778 0.882812 
1 0.600781 0.2875 0.0513021 0.0837963 0.895508 
1 0.667708 0.689815 0.0539063 0.0703704 0.902832 
