1 0.574479 0.298148 0.0177083 0.0574074 0.448975 
0 0.436979 0.426917 0.0395833 0.0384115 0.454834 
1 0.676624 0.437146 0.01993 0.059158 0.546387 
1 0.557031 0.709028 0.0364583 0.0856481 0.603027 
1 0.703516 0.600347 0.0253906 0.0979167 0.664062 
1 0.69366 0.465914 0.0430176 0.040162 0.685059 
0 0.405078 0.658102 0.0385417 0.105093 0.70459 
1 0.553646 0.782639 0.0239583 0.0990741 0.743164 
1 0.485156 0.37037 0.0677083 0.0435185 0.749023 
0 0.61875 0.747454 0.0195312 0.0902778 0.753906 
0 0.508244 0.590046 0.016569 0.0761574 0.79834 
1 0.620703 0.572454 0.0528646 0.0525463 0.809082 
0 0.619792 0.675926 0.0276042 0.0949074 0.812012 
0 0.305729 0.373148 0.0484375 0.0560185 0.831543 
0 0.652181 0.348148 0.0511068 0.074537 0.836914 
1 0.592708 0.297222 0.0520833 0.0527778 0.851562 
1 0.497656 0.288889 0.0213542 0.0986111 0.853027 
1 0.679297 0.696991 0.0200521 0.10787 0.855469 
1 0.628451 0.792361 0.0266927 0.0949074 0.859863 
1 0.671354 0.422685 0.034375 0.0930556 0.865234 
1 0.557552 0.565625 0.0494792 0.0826389 0.891602 
1 0.323177 0.538108 0.0192708 0.106655 0.894531 
1 0.436198 0.473148 0.0377604 0.087037 0.895508 
1 0.487109 0.838657 0.0627604 0.0388889 0.897949 
1 0.434635 0.261979 0.0481771 0.0778935 0.904297 
1 0.3 0.518142 0.0287109 0.0914931 0.915039 
0 0.623698 0.25162 0.0398437 0.0990741 0.918945 
1 0.544775 0.230093 0.0531576 0.0643519 0.920898 
1 0.434766 0.403241 0.04375 0.0837963 0.922363 
0 0.447656 0.675231 0.053125 0.0731481 0.923828 
0 0.520117 0.431713 0.0550781 0.0492477 0.925293 
1 0.352409 0.772454 0.0450521 0.0810185 0.927246 
1 0.400911 0.377315 0.0463542 0.074537 0.928223 
1 0.505534 0.703704 0.0441406 0.0819444 0.929199 
1 0.582292 0.468634 0.0268229 0.109028 0.932617 
1 0.615625 0.44443 0.0484375 0.0671586 0.93457 
0 0.405078 0.757176 0.0591146 0.0574074 0.935547 
0 0.423307 0.578472 0.0541667 0.0831019 0.937988 
0 0.490755 0.582407 0.0505208 0.0900463 0.939453 
