1 0.522013 0.919444 0.0436035 0.0435185 0.588867 
0 0.299015 0.653704 0.0317871 0.0814815 0.625 
1 0.525 0.874421 0.0411458 0.0678241 0.641113 
1 0.458724 0.183796 0.0601563 0.0513889 0.682129 
1 0.473307 0.111256 0.0585938 0.0446181 0.716309 
1 0.42487 0.269676 0.0197917 0.099537 0.720215 
0 0.327799 0.563657 0.0264323 0.116435 0.749023 
0 0.472526 0.358102 0.0658854 0.0638889 0.780762 
0 0.385156 0.357639 0.0588542 0.0592593 0.788574 
1 0.304948 0.338194 0.0239583 0.104167 0.810059 
0 0.383984 0.714583 0.059375 0.0467593 0.810059 
0 0.61748 0.67772 0.0395182 0.0996528 0.825195 
1 0.301563 0.419213 0.0453125 0.0662037 0.829102 
0 0.464323 0.228067 0.0588542 0.0633102 0.830078 
0 0.448047 0.14077 0.0557292 0.0610532 0.833008 
0 0.405469 0.19103 0.0268229 0.0994213 0.833496 
0 0.482682 0.686632 0.0346354 0.108218 0.835449 
1 0.29401 0.605903 0.0479167 0.0395833 0.838379 
1 0.341732 0.750463 0.0208333 0.0814815 0.84082 
0 0.331982 0.316435 0.0352539 0.113889 0.844238 
0 0.416667 0.456293 0.0419271 0.0966725 0.847656 
0 0.507096 0.746528 0.0352865 0.106944 0.847656 
0 0.378906 0.796296 0.0505208 0.0574074 0.852539 
1 0.292196 0.574421 0.0486816 0.0377315 0.853027 
0 0.388151 0.206771 0.0276042 0.0984954 0.85498 
0 0.444661 0.839352 0.0354167 0.0837963 0.864746 
0 0.361068 0.665741 0.0489583 0.0699074 0.867676 
1 0.426042 0.82963 0.0351562 0.0759259 0.868164 
1 0.310254 0.70463 0.016862 0.0925926 0.870605 
1 0.361328 0.263657 0.0257812 0.105093 0.873047 
0 0.289526 0.515625 0.0374837 0.0909722 0.878418 
1 0.539648 0.136458 0.0466797 0.0708333 0.882812 
0 0.311458 0.439352 0.0432292 0.0722222 0.885742 
0 0.551644 0.3 0.0451497 0.102315 0.88623 
0 0.564421 0.192361 0.0314453 0.105093 0.890137 
1 0.70638 0.369676 0.0471354 0.0458333 0.893555 
1 0.646191 0.34213 0.0388672 0.0800926 0.90625 
