0 0.420443 0.124306 0.0473958 0.0296296 0.541504 
1 0.544792 0.5625 0.0390625 0.0583333 0.572266 
1 0.30188 0.48287 0.0371257 0.087037 0.580566 
0 0.216276 0.48873 0.0179687 0.0843461 0.591309 
0 0.252148 0.578241 0.0389323 0.0287037 0.593262 
1 0.555176 0.272917 0.0317057 0.0856481 0.77002 
0 0.476953 0.727315 0.0471354 0.0467593 0.77832 
1 0.340495 0.582176 0.0355469 0.0694444 0.77832 
0 0.346354 0.450694 0.0535156 0.0421296 0.787109 
1 0.379883 0.451953 0.0167969 0.0884549 0.803223 
0 0.30026 0.650463 0.046875 0.0393519 0.804199 
0 0.40625 0.468287 0.0377604 0.0615741 0.809082 
0 0.514258 0.246759 0.0496094 0.050463 0.812988 
0 0.441406 0.466667 0.0507812 0.0324074 0.817383 
0 0.235937 0.406944 0.0411458 0.0430556 0.826172 
0 0.489583 0.452431 0.0393229 0.0858796 0.827148 
0 0.333789 0.480093 0.052474 0.0462963 0.835449 
0 0.386361 0.762731 0.0246745 0.0847222 0.845703 
0 0.467839 0.659954 0.0255208 0.0949074 0.84668 
1 0.353516 0.236343 0.0411458 0.0574074 0.855957 
0 0.31875 0.249074 0.0291667 0.0837963 0.858887 
0 0.337956 0.647454 0.0441406 0.0513889 0.861816 
1 0.521875 0.715278 0.0385417 0.0532407 0.863281 
0 0.230729 0.529167 0.0385417 0.0777778 0.863281 
0 0.510547 0.284259 0.0565104 0.0444444 0.864746 
0 0.236328 0.445747 0.0401042 0.0384838 0.867188 
1 0.425521 0.352778 0.0304687 0.0814815 0.867188 
0 0.252539 0.604167 0.0376302 0.0796296 0.867676 
0 0.427083 0.685417 0.0546875 0.0388889 0.870605 
0 0.525431 0.558333 0.0417155 0.0666667 0.87207 
0 0.396875 0.34838 0.040625 0.0763889 0.873535 
0 0.473958 0.373843 0.0398437 0.075 0.874512 
0 0.444661 0.406481 0.0466146 0.0462963 0.875 
0 0.502604 0.350463 0.0505208 0.0402778 0.877441 
0 0.428516 0.735185 0.0450521 0.0476852 0.877441 
0 0.400749 0.589236 0.0422526 0.0733796 0.877441 
0 0.33724 0.712037 0.0498698 0.0550926 0.877441 
0 0.408724 0.420833 0.0476562 0.0513889 0.879395 
0 0.552376 0.592245 0.045638 0.068287 0.890625 
1 0.418229 0.172569 0.0460938 0.0604167 0.895508 
1 0.529622 0.428009 0.0397135 0.0625 0.900391 
0 0.43724 0.238426 0.021875 0.0939815 0.901367 
0 0.473307 0.218229 0.0325521 0.0797454 0.910156 
