0 0.488411 0.683796 0.0200521 0.0638889 0.53125 
1 0.383105 0.205903 0.0309245 0.0594907 0.624512 
0 0.361068 0.38588 0.0320312 0.0453704 0.736816 
1 0.313542 0.709954 0.0229167 0.0583333 0.757324 
1 0.413672 0.625231 0.0197917 0.0736111 0.791504 
1 0.284831 0.521296 0.0203125 0.0574074 0.79541 
0 0.286198 0.235012 0.0369792 0.0387731 0.797852 
1 0.391829 0.346991 0.0202474 0.074537 0.799316 
1 0.457813 0.250463 0.0348958 0.0337963 0.807617 
0 0.314844 0.13831 0.0348958 0.0356481 0.818359 
0 0.326221 0.660648 0.0374023 0.0314815 0.819336 
0 0.270638 0.656713 0.0342448 0.0333333 0.820312 
1 0.310937 0.287731 0.0338542 0.0402778 0.822754 
0 0.440885 0.280093 0.0346354 0.0407407 0.833984 
0 0.315365 0.384028 0.0359375 0.0351852 0.835938 
1 0.341146 0.221817 0.0270833 0.0563657 0.835938 
1 0.400814 0.55463 0.035612 0.0314815 0.836426 
0 0.260608 0.363194 0.0212321 0.0694444 0.84082 
0 0.363021 0.168403 0.0403646 0.0372685 0.841309 
0 0.45638 0.15625 0.0216146 0.0763889 0.842773 
0 0.337435 0.259259 0.0389323 0.0337963 0.843262 
1 0.489714 0.501852 0.0190104 0.0759259 0.844238 
1 0.345833 0.404167 0.0358073 0.0305556 0.844727 
0 0.371647 0.73287 0.0275391 0.0578704 0.848145 
1 0.214844 0.38125 0.0328125 0.0319444 0.850098 
0 0.233073 0.306944 0.0346354 0.037037 0.850586 
1 0.218229 0.246933 0.0166667 0.0621528 0.851562 
0 0.375488 0.320833 0.017513 0.0699074 0.85498 
1 0.276302 0.566667 0.0166667 0.074537 0.85498 
0 0.443359 0.480208 0.0164063 0.0793981 0.855469 
1 0.260742 0.271991 0.020931 0.0625 0.861816 
0 0.337174 0.486212 0.0277344 0.06114 0.862305 
1 0.457813 0.224479 0.0351562 0.0427083 0.863281 
0 0.36582 0.287963 0.0179687 0.0666667 0.867188 
0 0.367025 0.647164 0.0354818 0.0431713 0.870117 
1 0.503776 0.28588 0.0263021 0.0597222 0.870117 
1 0.367578 0.691898 0.0171875 0.0689815 0.872559 
1 0.50332 0.253183 0.0345052 0.0459491 0.874023 
0 0.451172 0.408796 0.0203125 0.0796296 0.875 
0 0.463672 0.435185 0.021875 0.0736111 0.876953 
0 0.288216 0.471296 0.0257161 0.0759259 0.876953 
0 0.494792 0.36412 0.0299479 0.0587963 0.880859 
0 0.414974 0.291667 0.0221354 0.0712963 0.881348 
0 0.246224 0.409954 0.0359375 0.05 0.884766 
0 0.247786 0.577083 0.0361979 0.0407407 0.88623 
0 0.405469 0.228588 0.028125 0.0701389 0.887695 
0 0.41849 0.700231 0.021875 0.0694444 0.893066 
0 0.320443 0.545486 0.0276042 0.0615741 0.896973 
1 0.510018 0.628877 0.0200033 0.0612269 0.903809 
