0 0.676807 0.755556 0.0200521 0.106019 0.630371 
0 0.643783 0.630671 0.0582682 0.0604167 0.756348 
0 0.726481 0.405556 0.0566732 0.0430556 0.783691 
1 0.458073 0.861343 0.0479167 0.0689815 0.800293 
1 0.526432 0.0847222 0.0519531 0.0346065 0.800781 
0 0.630957 0.862153 0.0193359 0.0858796 0.843262 
0 0.455859 0.899537 0.0523438 0.062037 0.845215 
1 0.636068 0.479847 0.0578125 0.0720197 0.845703 
0 0.472786 0.221181 0.0263021 0.102083 0.850098 
0 0.397786 0.467593 0.0635417 0.0611111 0.851074 
0 0.498958 0.189815 0.0552083 0.0701389 0.851562 
0 0.560156 0.558333 0.0463542 0.0611111 0.856934 
0 0.645215 0.662963 0.0595703 0.062037 0.85791 
0 0.734115 0.43287 0.0527344 0.0365741 0.858398 
0 0.491667 0.806713 0.0236979 0.0976852 0.860352 
0 0.429557 0.821759 0.0578125 0.0583333 0.860352 
0 0.629036 0.344907 0.0695313 0.0550926 0.861328 
0 0.666536 0.399074 0.0601563 0.062037 0.864258 
0 0.592318 0.803935 0.0363281 0.1 0.867676 
0 0.710807 0.699306 0.0536458 0.0615741 0.868652 
0 0.73304 0.261516 0.0354818 0.0908565 0.871094 
0 0.732943 0.309028 0.0361979 0.106019 0.874512 
0 0.408854 0.676852 0.0307292 0.12037 0.881348 
0 0.654818 0.439077 0.0611979 0.0644387 0.882324 
0 0.612826 0.85625 0.0207031 0.0939815 0.884277 
0 0.455078 0.624363 0.0283854 0.110532 0.88916 
0 0.622201 0.542593 0.0660156 0.0675926 0.895996 
0 0.720833 0.654919 0.0539063 0.0762731 0.916992 
