1 0.601562 0.174074 0.0420573 0.0770833 0.580078 
1 0.619727 0.840625 0.0200521 0.0872685 0.70459 
1 0.604622 0.249769 0.0457031 0.0662037 0.735352 
1 0.321615 0.556944 0.0486979 0.0685185 0.741211 
1 0.494661 0.225231 0.0268229 0.099537 0.744629 
1 0.603646 0.844444 0.0205729 0.0833333 0.786133 
1 0.584115 0.235185 0.0451823 0.0657407 0.802734 
1 0.379785 0.237037 0.0503255 0.0453704 0.826172 
0 0.622917 0.178819 0.0333333 0.0798611 0.836426 
1 0.346094 0.627083 0.0554687 0.037963 0.841797 
1 0.375163 0.202894 0.0452474 0.0525463 0.842773 
1 0.696615 0.551389 0.0567057 0.0472222 0.844238 
1 0.352344 0.226447 0.0410156 0.0600694 0.845215 
0 0.347005 0.25515 0.0513021 0.0554398 0.856445 
1 0.59375 0.774537 0.0455729 0.0685185 0.868652 
1 0.408854 0.204514 0.0390625 0.0840278 0.869629 
1 0.488021 0.1 0.0398437 0.0680556 0.875488 
1 0.368587 0.580324 0.0440755 0.0782407 0.876465 
0 0.386458 0.318519 0.0526042 0.0699074 0.880859 
1 0.680859 0.706481 0.0458333 0.0851852 0.887207 
0 0.329622 0.293287 0.0578125 0.050463 0.887695 
1 0.300871 0.569444 0.0508626 0.0425926 0.887695 
0 0.557813 0.316435 0.0429688 0.106481 0.896973 
