0 0.645736 0.75625 0.0434245 0.0787037 0.575195 
1 0.535937 0.293056 0.0213542 0.115741 0.746094 
0 0.669661 0.165162 0.0367188 0.0821759 0.797363 
0 0.654818 0.317361 0.0416667 0.125926 0.82959 
0 0.644824 0.685127 0.0442057 0.0936343 0.82959 
0 0.501172 0.487297 0.0346354 0.113368 0.835938 
0 0.575977 0.386343 0.0270833 0.112963 0.838867 
1 0.663802 0.537037 0.0213542 0.108333 0.841309 
1 0.653776 0.145631 0.0265625 0.0934606 0.842773 
1 0.498437 0.200521 0.0338542 0.0887731 0.858398 
0 0.394271 0.179398 0.0203125 0.0958333 0.86084 
0 0.632096 0.812731 0.0558594 0.0453704 0.862793 
1 0.429167 0.46038 0.059375 0.0550492 0.865234 
0 0.428646 0.103255 0.0268229 0.0958044 0.870605 
1 0.478385 0.209491 0.04375 0.0875 0.877441 
1 0.475781 0.435185 0.0315104 0.110185 0.882324 
0 0.559115 0.56276 0.0307292 0.105961 0.887695 
1 0.554688 0.204745 0.0296875 0.101157 0.88916 
1 0.40166 0.261574 0.0477214 0.0796296 0.889648 
0 0.473047 0.543519 0.0265625 0.0981481 0.911621 
