0 0.685409 0.576389 0.0379069 0.0333333 0.44751 
1 0.629069 0.699074 0.0554036 0.0407407 0.673828 
0 0.323828 0.386111 0.0589844 0.0449074 0.818848 
1 0.295312 0.384028 0.0401042 0.0833333 0.828125 
1 0.651172 0.293519 0.0257812 0.0967593 0.832031 
1 0.635677 0.284722 0.0263021 0.0893519 0.860352 
1 0.632161 0.668981 0.0528646 0.0402778 0.864746 
1 0.683073 0.620313 0.0471354 0.0709491 0.875488 
1 0.432292 0.283102 0.0325521 0.113426 0.87793 
0 0.508398 0.543981 0.0582031 0.0763889 0.878906 
0 0.438802 0.152546 0.0552083 0.0673611 0.887207 
0 0.628418 0.749074 0.0593099 0.0532407 0.887207 
1 0.676693 0.781019 0.0354167 0.0875 0.895996 
1 0.486068 0.657407 0.0255208 0.116204 0.895996 
0 0.556917 0.261169 0.0525716 0.0850694 0.896484 
0 0.582943 0.753704 0.0451823 0.0930556 0.899902 
0 0.584831 0.31412 0.0445313 0.100926 0.904785 
1 0.67487 0.588194 0.0533854 0.0513889 0.905273 
0 0.492318 0.477257 0.0317708 0.11331 0.90625 
0 0.357682 0.55463 0.0518229 0.075 0.910156 
0 0.535555 0.368981 0.0528483 0.0962963 0.910645 
0 0.566878 0.202951 0.0495768 0.083912 0.911621 
1 0.602995 0.582407 0.0477865 0.0833333 0.926758 
