1 0.31569 0.735648 0.0282552 0.0787037 0.596191 
0 0.394531 0.718981 0.0546875 0.0398148 0.668945 
1 0.329883 0.736574 0.0339844 0.0703704 0.810547 
0 0.58763 0.840509 0.0485677 0.0472222 0.817871 
0 0.506771 0.505498 0.0567708 0.0501157 0.845215 
0 0.638542 0.52474 0.0192708 0.0912616 0.886719 
0 0.592708 0.557176 0.0421875 0.0761574 0.886719 
1 0.501302 0.79375 0.0354167 0.0717593 0.895996 
0 0.323437 0.682176 0.0197917 0.0921296 0.908203 
0 0.648438 0.570255 0.0304687 0.093287 0.913574 
0 0.31276 0.325694 0.0223958 0.0902778 0.916504 
0 0.458724 0.808102 0.0489583 0.0796296 0.918457 
0 0.563232 0.859375 0.0480143 0.0506944 0.918945 
0 0.564974 0.471991 0.0583333 0.0486111 0.921875 
0 0.419401 0.629282 0.0239583 0.105787 0.922852 
0 0.486979 0.212269 0.0570312 0.0460648 0.923828 
0 0.605729 0.278935 0.0572917 0.050463 0.923828 
0 0.585872 0.32037 0.0575521 0.0462963 0.924805 
0 0.576367 0.544907 0.0536458 0.0759259 0.925293 
0 0.53457 0.220718 0.0402344 0.0914352 0.925781 
0 0.519206 0.713889 0.0407552 0.102315 0.925781 
0 0.524382 0.32963 0.048763 0.0634259 0.927734 
0 0.391146 0.441594 0.0260417 0.0682002 0.927734 
0 0.439193 0.660185 0.0385417 0.100463 0.928223 
0 0.611947 0.359722 0.0568359 0.0513889 0.931152 
0 0.570573 0.420602 0.0553385 0.0611111 0.931152 
0 0.341602 0.259086 0.044401 0.0859954 0.933594 
0 0.520215 0.431366 0.0417969 0.0872685 0.935547 
0 0.470443 0.149624 0.0424479 0.0780671 0.937988 
0 0.578271 0.716667 0.037207 0.0893519 0.938477 
0 0.380241 0.529514 0.0319661 0.0953704 0.939453 
0 0.351367 0.445804 0.0511719 0.0714699 0.941406 
0 0.43724 0.360417 0.0513021 0.0810185 0.943359 
0 0.421484 0.535648 0.0382813 0.0916667 0.944824 
