0 0.646615 0.836574 0.046875 0.0703704 0.534668 
0 0.516191 0.572222 0.0320719 0.0407407 0.555176 
0 0.382552 0.424624 0.0380208 0.0340278 0.64502 
0 0.61875 0.248148 0.0307292 0.0990741 0.728516 
1 0.486458 0.644329 0.0346354 0.0946759 0.768066 
0 0.483464 0.897222 0.0572917 0.0398148 0.803223 
1 0.56582 0.368519 0.0623698 0.0416667 0.825195 
1 0.575456 0.0972801 0.0582031 0.0415509 0.85498 
1 0.610938 0.677488 0.0214844 0.0982639 0.874023 
0 0.455469 0.595833 0.0559896 0.0486111 0.890137 
0 0.498372 0.735648 0.0595052 0.0486111 0.898438 
0 0.532292 0.86713 0.025 0.0981481 0.902344 
0 0.315446 0.556019 0.0249674 0.0722222 0.90332 
0 0.553646 0.849537 0.0255208 0.087963 0.908691 
1 0.295573 0.507943 0.0186198 0.103328 0.90918 
1 0.419922 0.384491 0.0375 0.0805556 0.90918 
0 0.678243 0.224016 0.0243083 0.0917824 0.911133 
0 0.717676 0.402083 0.0479818 0.0615741 0.912598 
0 0.653646 0.692882 0.0333333 0.106829 0.91748 
0 0.56224 0.432755 0.0385417 0.100231 0.918457 
0 0.331201 0.539815 0.0318685 0.0990741 0.919434 
0 0.622786 0.393519 0.0273438 0.116204 0.920898 
0 0.323047 0.30162 0.036849 0.106944 0.923828 
0 0.624479 0.709028 0.0325521 0.0930556 0.925781 
1 0.507096 0.586921 0.0514323 0.0625 0.92627 
0 0.721362 0.516204 0.0546712 0.075 0.932129 
0 0.605208 0.627662 0.0447917 0.0895833 0.932617 
0 0.426302 0.62581 0.0484375 0.0770833 0.934082 
0 0.382552 0.394907 0.0364583 0.0944444 0.936035 
0 0.538346 0.622106 0.0491536 0.0960648 0.936523 
0 0.556771 0.786343 0.0526042 0.0546296 0.937012 
0 0.45599 0.365741 0.0401042 0.101852 0.938965 
0 0.390104 0.477315 0.0390625 0.1 0.939453 
0 0.399642 0.316667 0.0580078 0.0648148 0.941406 
0 0.555729 0.212269 0.0536458 0.0810185 0.945312 
