1 0.599023 0.598264 0.0410156 0.0303241 0.708008 
1 0.598763 0.697222 0.0388021 0.0541667 0.766113 
0 0.450521 0.843519 0.0330729 0.0671296 0.802734 
1 0.602214 0.721991 0.0393229 0.0564815 0.806152 
1 0.541667 0.466204 0.0192708 0.0851852 0.810059 
1 0.484115 0.195602 0.0484375 0.037963 0.8125 
1 0.607617 0.555411 0.0209635 0.0734375 0.819824 
1 0.60013 0.664352 0.0447917 0.0282407 0.822266 
0 0.618262 0.630266 0.0468099 0.0385417 0.82959 
0 0.359049 0.535648 0.028776 0.0712963 0.834961 
1 0.371615 0.697222 0.0158854 0.0847222 0.840332 
1 0.453646 0.440784 0.0255208 0.0649595 0.844238 
1 0.633984 0.581713 0.0372396 0.0449074 0.846191 
1 0.589453 0.628877 0.0376302 0.0427083 0.847656 
1 0.46237 0.590856 0.0419271 0.0530093 0.847656 
0 0.492708 0.565278 0.0210938 0.0796296 0.848145 
0 0.651563 0.662269 0.040625 0.0300926 0.852539 
0 0.470443 0.446224 0.0328125 0.0707465 0.853516 
1 0.507552 0.26059 0.0158854 0.0788194 0.85791 
1 0.39362 0.446152 0.0166667 0.0764468 0.859863 
1 0.523438 0.247685 0.0182292 0.0819444 0.868652 
1 0.346289 0.654398 0.0333333 0.0564815 0.873047 
1 0.607943 0.769444 0.027474 0.0657407 0.873535 
1 0.433724 0.251852 0.0205729 0.0921296 0.874023 
0 0.341081 0.725926 0.0190104 0.0810185 0.877441 
1 0.55651 0.33125 0.028125 0.075463 0.87793 
0 0.40625 0.758796 0.03125 0.0606481 0.878418 
1 0.447656 0.686806 0.0492187 0.0388889 0.879395 
0 0.355859 0.78588 0.0325521 0.0481481 0.880859 
1 0.48099 0.641898 0.0359375 0.0583333 0.882812 
1 0.473958 0.533333 0.0244792 0.0770833 0.882812 
1 0.549512 0.753704 0.0254557 0.0861111 0.883301 
1 0.545833 0.541204 0.0223958 0.0703704 0.886719 
1 0.399609 0.648843 0.0322917 0.062963 0.886719 
1 0.31849 0.575116 0.0481771 0.0377315 0.886719 
1 0.538542 0.629919 0.0317708 0.0582176 0.892578 
0 0.521248 0.416435 0.0353678 0.0652778 0.894531 
1 0.492839 0.361806 0.0263021 0.0731481 0.89502 
0 0.581771 0.424306 0.0445313 0.0569444 0.90332 
1 0.313118 0.528356 0.0404297 0.055787 0.90625 
1 0.519076 0.523148 0.030599 0.0597222 0.914551 
