0 0.638281 0.219676 0.0208333 0.099537 0.663574 
1 0.49349 0.425253 0.0351562 0.0362992 0.679688 
0 0.494401 0.387963 0.0361979 0.111574 0.737793 
1 0.654036 0.216377 0.0184896 0.0982639 0.770996 
0 0.667057 0.30625 0.0585938 0.0560185 0.779297 
1 0.52592 0.0704861 0.0518066 0.0407407 0.786133 
1 0.473828 0.168866 0.0666667 0.043287 0.812988 
0 0.60625 0.217593 0.0515625 0.0625 0.819824 
1 0.667839 0.239815 0.0236979 0.099537 0.841309 
0 0.5625 0.124161 0.0354167 0.0951968 0.843262 
1 0.441797 0.551389 0.0268229 0.119444 0.84668 
1 0.599154 0.26603 0.0503906 0.0744213 0.850098 
1 0.416016 0.143171 0.0341146 0.100694 0.872559 
1 0.350456 0.196991 0.055599 0.0421296 0.875977 
1 0.710677 0.416435 0.0313151 0.0967593 0.884766 
1 0.419661 0.517708 0.0276042 0.114583 0.888184 
1 0.444271 0.40162 0.0609375 0.0625 0.88916 
1 0.595117 0.186111 0.0532552 0.0652778 0.894043 
1 0.452474 0.0960503 0.0450521 0.0747975 0.895996 
1 0.373437 0.337037 0.0450521 0.0953704 0.898438 
0 0.671354 0.364352 0.0505208 0.0699074 0.905762 
1 0.568555 0.642303 0.0615885 0.0519676 0.906738 
1 0.524544 0.120399 0.0488281 0.0735532 0.915039 
1 0.673307 0.662731 0.0445313 0.0962963 0.916992 
1 0.695833 0.384491 0.0502604 0.0703704 0.924805 
1 0.676042 0.443012 0.0536458 0.0561053 0.925781 
1 0.634375 0.465741 0.0315104 0.108333 0.92627 
1 0.557015 0.503588 0.065918 0.0736111 0.931641 
