1 0.375651 0.423937 0.0380208 0.0326823 0.479492 
1 0.637891 0.709954 0.0416667 0.0921296 0.552734 
1 0.508358 0.785417 0.0164063 0.0625 0.571289 
0 0.675977 0.261343 0.0185872 0.0712963 0.589355 
0 0.628027 0.27963 0.0554036 0.0527778 0.624023 
0 0.720313 0.518924 0.0279948 0.104745 0.763672 
0 0.438542 0.359722 0.0411458 0.0972222 0.787109 
1 0.666667 0.712037 0.0515625 0.0425926 0.796875 
0 0.594596 0.610995 0.0514323 0.0657407 0.810547 
1 0.542969 0.572801 0.0572917 0.0458333 0.810547 
1 0.692448 0.449327 0.0588542 0.0439381 0.818848 
0 0.458594 0.572222 0.0645833 0.0398148 0.819336 
1 0.507357 0.87963 0.0457031 0.0592593 0.856934 
0 0.577132 0.706713 0.0324544 0.108333 0.867188 
1 0.413672 0.61603 0.0226562 0.107755 0.881836 
0 0.572396 0.387037 0.021875 0.062037 0.881836 
1 0.328532 0.403472 0.0541341 0.0560185 0.890625 
1 0.461979 0.446644 0.0549479 0.0645833 0.894531 
1 0.470703 0.330093 0.0364583 0.0986111 0.895996 
0 0.572852 0.528356 0.0606771 0.0506944 0.901367 
0 0.394531 0.642708 0.0247396 0.113194 0.90332 
0 0.679297 0.340972 0.0578125 0.0486111 0.906738 
1 0.442448 0.725694 0.0333333 0.102778 0.911133 
0 0.573503 0.815509 0.0235677 0.101389 0.916016 
1 0.676172 0.642824 0.0234375 0.0981481 0.919922 
1 0.609701 0.57037 0.0375 0.0863426 0.92041 
1 0.632389 0.400231 0.0245443 0.10787 0.920898 
1 0.546403 0.506481 0.0582357 0.0583333 0.927246 
0 0.413281 0.218345 0.0492187 0.0869213 0.930176 
1 0.494401 0.419907 0.0322917 0.105556 0.930664 
0 0.597005 0.749306 0.0369792 0.0972222 0.931152 
0 0.464583 0.85162 0.0434896 0.0828704 0.932129 
0 0.521615 0.292361 0.0630208 0.0564815 0.933105 
1 0.440755 0.653993 0.0351562 0.0952546 0.935059 
1 0.328369 0.734028 0.0500326 0.0652778 0.935059 
1 0.359635 0.503356 0.0619792 0.0560185 0.936035 
0 0.468099 0.168981 0.028125 0.116898 0.936035 
1 0.498633 0.710648 0.0610677 0.0467593 0.937012 
0 0.693099 0.570747 0.0294271 0.102951 0.938477 
1 0.34375 0.572569 0.0394531 0.0900463 0.94043 
0 0.659635 0.259259 0.0510417 0.0763889 0.94043 
1 0.489193 0.786111 0.0533854 0.0587963 0.942383 
0 0.592904 0.388889 0.0640625 0.0606481 0.942383 
1 0.622331 0.347454 0.0488281 0.0675926 0.942871 
0 0.373112 0.390741 0.0425781 0.100463 0.944824 
0 0.509635 0.348843 0.0333333 0.0912037 0.944824 
0 0.585026 0.231771 0.053125 0.077662 0.945801 
1 0.525521 0.872917 0.0484375 0.0615741 0.946777 
0 0.438411 0.525926 0.0361979 0.0990741 0.946777 
1 0.530794 0.118634 0.0509115 0.0747685 0.947266 
0 0.378874 0.788889 0.0534505 0.0638889 0.950195 
1 0.404818 0.479282 0.0557292 0.0638889 0.950684 
