0 0.512435 0.826157 0.022526 0.0814815 0.685059 
1 0.657031 0.239178 0.0289063 0.0855324 0.845215 
1 0.332943 0.438773 0.0183594 0.0909722 0.898926 
0 0.308285 0.48954 0.0415039 0.0632812 0.907227 
1 0.317448 0.585301 0.0210938 0.0877315 0.914551 
1 0.533236 0.432784 0.0470052 0.0296875 0.919922 
1 0.407422 0.321759 0.0523438 0.0347222 0.924805 
1 0.405892 0.345139 0.0496745 0.0324074 0.927246 
1 0.510156 0.406713 0.05 0.0342593 0.928223 
1 0.384733 0.195139 0.0482422 0.031713 0.928711 
0 0.534115 0.313889 0.0515625 0.0412037 0.929199 
1 0.330404 0.391435 0.0265625 0.0805556 0.929688 
1 0.523372 0.88125 0.0417969 0.0541667 0.930664 
1 0.641276 0.255845 0.0382813 0.0688657 0.931152 
0 0.651172 0.625058 0.0236979 0.0869213 0.932129 
1 0.591276 0.465741 0.0416667 0.0527778 0.936035 
1 0.605729 0.649826 0.0519531 0.0369213 0.937988 
1 0.383822 0.543634 0.0201172 0.0930556 0.938477 
1 0.612109 0.577199 0.0257812 0.0905093 0.938965 
1 0.614453 0.434954 0.0466146 0.0398148 0.939453 
1 0.49707 0.476505 0.0454427 0.0497685 0.939941 
1 0.664323 0.730556 0.0390625 0.0481481 0.94043 
0 0.620475 0.310417 0.0470703 0.0453704 0.941406 
1 0.647526 0.415972 0.0283854 0.0675926 0.942383 
1 0.586719 0.556481 0.0320312 0.0722222 0.942383 
1 0.568099 0.618403 0.0498698 0.043287 0.943359 
0 0.636849 0.480093 0.0416667 0.0666667 0.943848 
1 0.684123 0.589352 0.0348796 0.0712963 0.944824 
0 0.638281 0.55 0.0424479 0.0657407 0.945801 
1 0.362109 0.414583 0.0257812 0.0967593 0.947754 
1 0.338411 0.654861 0.0464844 0.0527778 0.949219 
1 0.517253 0.463194 0.0477865 0.0393519 0.952148 
