1 0.240755 0.225579 0.0382813 0.0321759 0.57666 
1 0.352279 0.0658565 0.0373698 0.0363426 0.621582 
0 0.351172 0.458955 0.0432292 0.0457465 0.672852 
0 0.278434 0.694213 0.0162435 0.0736111 0.755859 
1 0.389095 0.34537 0.0421224 0.0351852 0.781738 
1 0.486068 0.191319 0.0411458 0.0344907 0.802734 
1 0.319792 0.0784722 0.0363281 0.0334491 0.807617 
1 0.39987 0.24103 0.0197917 0.0767361 0.810547 
1 0.276302 0.124566 0.0411458 0.0564236 0.825195 
0 0.442318 0.398611 0.0364583 0.0546296 0.83252 
0 0.486458 0.266725 0.0236979 0.0878472 0.837402 
0 0.458333 0.546528 0.0255208 0.0775463 0.842285 
0 0.363542 0.634491 0.0450521 0.0384259 0.847656 
0 0.460807 0.439699 0.0278646 0.0752315 0.85498 
0 0.369759 0.392824 0.0391276 0.0615741 0.861328 
0 0.478516 0.679109 0.0210938 0.0853009 0.866211 
0 0.494141 0.108825 0.0315104 0.0596644 0.867676 
0 0.302083 0.300463 0.0255208 0.0916667 0.867676 
0 0.498242 0.709954 0.043099 0.0509259 0.872559 
0 0.357422 0.563542 0.0503906 0.049537 0.876465 
1 0.303841 0.431525 0.0365885 0.0451678 0.876465 
0 0.514648 0.485055 0.0477865 0.062066 0.876465 
0 0.450391 0.463715 0.0213542 0.0806713 0.876953 
0 0.2375 0.290972 0.0359375 0.0296296 0.87793 
0 0.371484 0.470211 0.0450521 0.0614294 0.879883 
0 0.309115 0.712731 0.0424479 0.037963 0.879883 
1 0.202214 0.312731 0.0174479 0.0643519 0.880859 
1 0.405339 0.0824074 0.0164063 0.0672454 0.881348 
0 0.461068 0.600926 0.0429688 0.0435185 0.883789 
0 0.508724 0.201505 0.0445313 0.0608796 0.885254 
0 0.402214 0.750694 0.0208333 0.0768519 0.885254 
0 0.43763 0.13669 0.0205729 0.081713 0.88916 
0 0.274003 0.507118 0.0255615 0.071875 0.890625 
0 0.246875 0.37963 0.0179687 0.0777778 0.894043 
1 0.201302 0.516667 0.0184896 0.0657407 0.897461 
0 0.503255 0.556481 0.0335937 0.0722222 0.897461 
0 0.409115 0.306019 0.0450521 0.0509259 0.898438 
1 0.358333 0.736574 0.0386719 0.0518519 0.901855 
0 0.580794 0.365278 0.0385417 0.0481481 0.902344 
0 0.301074 0.471296 0.0436849 0.0547454 0.902832 
0 0.210807 0.476042 0.0291667 0.0645833 0.910645 
0 0.310156 0.603472 0.0401042 0.04375 0.925781 
