1 0.431641 0.255324 0.0619792 0.0407407 0.714355 
0 0.575 0.457422 0.0161458 0.0983507 0.740234 
0 0.276042 0.356481 0.0369792 0.0851852 0.83252 
0 0.280469 0.414583 0.0546875 0.049537 0.835449 
1 0.584652 0.510069 0.0569987 0.0780093 0.841309 
0 0.428646 0.300926 0.0632812 0.0671296 0.855469 
1 0.275798 0.659259 0.0400065 0.100463 0.856445 
0 0.55874 0.412037 0.0257487 0.11713 0.858398 
1 0.344141 0.71412 0.0617188 0.049537 0.869141 
1 0.492188 0.377315 0.0421875 0.0925926 0.869141 
1 0.302344 0.350231 0.022526 0.104167 0.869629 
0 0.343294 0.328009 0.0290365 0.104167 0.880859 
0 0.319336 0.310185 0.0369792 0.0921296 0.885742 
0 0.585938 0.458333 0.0377604 0.112963 0.887695 
0 0.370833 0.271991 0.0424479 0.0810185 0.890137 
1 0.495898 0.432639 0.0623698 0.0555556 0.891602 
0 0.51224 0.524074 0.0640625 0.0611111 0.897949 
0 0.523022 0.347222 0.0414551 0.110648 0.900879 
1 0.531055 0.597743 0.0420573 0.104051 0.90332 
0 0.529167 0.472801 0.0526042 0.0831019 0.907227 
0 0.58361 0.552778 0.0541341 0.0796296 0.910156 
