0 0.323437 0.322917 0.0197917 0.062963 0.603027 
1 0.561719 0.891088 0.0447917 0.0900463 0.643066 
0 0.719214 0.63206 0.057666 0.081713 0.759277 
0 0.731771 0.657697 0.0578125 0.0762731 0.768555 
0 0.685994 0.425152 0.0390788 0.036386 0.801758 
0 0.755208 0.393519 0.0419271 0.115278 0.8125 
0 0.475521 0.913426 0.06875 0.0546296 0.81543 
0 0.34388 0.324537 0.0608073 0.0694444 0.83252 
1 0.355013 0.663889 0.0346354 0.131944 0.833008 
0 0.613867 0.888773 0.0496094 0.0891204 0.834473 
1 0.709505 0.542593 0.0638021 0.0527778 0.851562 
0 0.403255 0.733102 0.0445313 0.121759 0.853516 
0 0.673438 0.410185 0.0684896 0.0736111 0.857422 
0 0.735156 0.319444 0.059375 0.0648148 0.858398 
1 0.626758 0.353241 0.0654948 0.0759259 0.867676 
1 0.328971 0.81875 0.0334635 0.106481 0.87207 
0 0.323763 0.5625 0.0658854 0.0648148 0.877441 
0 0.445052 0.266204 0.0614583 0.0967593 0.883789 
0 0.533854 0.465741 0.0552083 0.125926 0.890625 
1 0.558919 0.271991 0.0679687 0.0763889 0.890625 
0 0.496094 0.453197 0.0645833 0.0871238 0.891602 
1 0.252344 0.45667 0.0427083 0.0949942 0.896484 
