1 0.488542 0.516204 0.0408854 0.0296296 0.756348 
1 0.4625 0.410185 0.0223958 0.0564815 0.842773 
1 0.492448 0.716898 0.0252604 0.0592593 0.84668 
1 0.364518 0.177894 0.041276 0.03125 0.850586 
0 0.34043 0.790972 0.0174479 0.0652778 0.851074 
1 0.361523 0.364815 0.0369792 0.0328704 0.852051 
0 0.471484 0.337037 0.0434896 0.0412037 0.854492 
1 0.583724 0.59838 0.0394531 0.0282407 0.859375 
1 0.377604 0.738426 0.0200521 0.0703704 0.86084 
0 0.516471 0.721065 0.0253906 0.0643519 0.871582 
1 0.435807 0.60463 0.0351562 0.0423611 0.876465 
1 0.252344 0.421759 0.0169271 0.0574074 0.876953 
0 0.414974 0.776389 0.0390625 0.0375 0.881348 
0 0.522201 0.401157 0.0379557 0.0333333 0.881836 
0 0.480599 0.412269 0.0263021 0.0680556 0.884277 
0 0.566846 0.409259 0.0281576 0.0574074 0.891602 
1 0.576823 0.703009 0.0298177 0.0625 0.89209 
0 0.481641 0.582407 0.0213542 0.0652778 0.894531 
1 0.242188 0.486169 0.0223958 0.0594907 0.898438 
0 0.31224 0.535185 0.0166667 0.0685185 0.898438 
1 0.428646 0.487963 0.0375 0.0342593 0.899414 
0 0.341016 0.736806 0.0182292 0.0689815 0.899414 
0 0.528646 0.520631 0.0411458 0.0376736 0.900879 
0 0.285799 0.416204 0.0372559 0.0407407 0.901855 
0 0.403646 0.720833 0.0325521 0.0416667 0.907227 
0 0.428385 0.687037 0.0395833 0.0453704 0.907227 
0 0.496224 0.625231 0.0268229 0.0615741 0.907227 
0 0.580143 0.55787 0.0324219 0.0527778 0.908691 
0 0.377897 0.25 0.0228516 0.0736111 0.90918 
0 0.370508 0.487847 0.0285156 0.0564815 0.913086 
1 0.398177 0.5375 0.0419271 0.0351852 0.914551 
1 0.404818 0.454311 0.0388021 0.0345486 0.916016 
0 0.289062 0.645139 0.0328125 0.0453704 0.918457 
