0 0.675618 0.60706 0.0184896 0.0652778 0.586426 
0 0.459245 0.937037 0.0348958 0.0824074 0.805176 
0 0.508659 0.426353 0.0457031 0.0382668 0.807617 
0 0.478516 0.426968 0.0276042 0.120139 0.814453 
0 0.579834 0.670139 0.0523112 0.0768519 0.814941 
0 0.515637 0.401389 0.0312256 0.0935185 0.818848 
1 0.247266 0.612326 0.0294271 0.0966435 0.821289 
0 0.582878 0.621123 0.0425781 0.100347 0.822266 
0 0.498698 0.456713 0.0341146 0.111574 0.824219 
0 0.504492 0.225231 0.0498698 0.0865741 0.835449 
0 0.645345 0.70162 0.0595703 0.0587963 0.839355 
0 0.589844 0.459259 0.0315104 0.131481 0.84082 
0 0.535514 0.35787 0.0344401 0.115741 0.844727 
0 0.59974 0.564352 0.0518229 0.0847222 0.847168 
0 0.641927 0.561574 0.0591146 0.062963 0.854004 
0 0.628971 0.372917 0.0438802 0.118056 0.862793 
0 0.654427 0.611574 0.0611979 0.0634259 0.862793 
0 0.551562 0.25787 0.0572917 0.0689815 0.865723 
0 0.503125 0.312037 0.0557292 0.0898148 0.867676 
0 0.405599 0.267072 0.0455729 0.0954861 0.87793 
0 0.526066 0.159491 0.0519043 0.068287 0.883301 
0 0.56849 0.536024 0.0286458 0.124248 0.884766 
0 0.581771 0.716898 0.0466146 0.0981481 0.885742 
0 0.259896 0.458362 0.0442708 0.0686921 0.89209 
