0 0.411719 0.277083 0.0424479 0.0731481 0.527832 
0 0.41224 0.424132 0.0333333 0.0340278 0.661133 
1 0.52207 0.296528 0.0574219 0.037963 0.841797 
1 0.423047 0.197801 0.0445313 0.0622685 0.84668 
0 0.530851 0.205845 0.0269694 0.0966435 0.85498 
0 0.390267 0.209259 0.0551432 0.0472222 0.86084 
0 0.421875 0.325694 0.0354167 0.0856481 0.865234 
0 0.512109 0.201852 0.0304687 0.100463 0.875 
1 0.455339 0.635359 0.0265625 0.096875 0.87793 
0 0.503646 0.0887587 0.0432292 0.0687789 0.884277 
0 0.484635 0.187674 0.0335937 0.0996528 0.887695 
1 0.46875 0.831019 0.0252604 0.0888889 0.892578 
1 0.434635 0.64184 0.0234375 0.083912 0.893066 
1 0.744792 0.521846 0.0296875 0.0914931 0.895508 
0 0.414323 0.391667 0.0375 0.0972222 0.897949 
1 0.427344 0.435648 0.0479167 0.062963 0.90625 
1 0.459505 0.388194 0.0583333 0.0393519 0.908691 
0 0.388281 0.434838 0.0273438 0.100694 0.910645 
0 0.336849 0.41412 0.0532552 0.0615741 0.911621 
0 0.618815 0.707639 0.0516927 0.0490741 0.911621 
1 0.502539 0.405324 0.0490885 0.0736111 0.91748 
0 0.671875 0.443981 0.0270833 0.105556 0.918945 
1 0.629427 0.495833 0.0479167 0.0814815 0.919922 
