0 0.671745 0.644444 0.0210938 0.0814815 0.742188 
1 0.73374 0.636748 0.0325195 0.0709491 0.773438 
0 0.489844 0.70162 0.0236979 0.0898148 0.781738 
0 0.407292 0.577315 0.0395833 0.0305556 0.822266 
1 0.420573 0.853472 0.04375 0.0481481 0.854492 
0 0.659245 0.593403 0.0330729 0.075463 0.890625 
1 0.632487 0.139468 0.0378906 0.0680556 0.897949 
0 0.368099 0.655556 0.0220052 0.0912037 0.898926 
0 0.426302 0.283565 0.0317708 0.0875 0.900879 
0 0.458724 0.6625 0.0520833 0.0555556 0.90332 
0 0.407682 0.819444 0.0484375 0.0435185 0.904785 
0 0.522192 0.605093 0.0451986 0.0604167 0.907715 
0 0.61276 0.741435 0.0235677 0.0925926 0.90918 
0 0.682292 0.386343 0.0388021 0.0717593 0.912109 
1 0.447917 0.814352 0.040625 0.0601852 0.912598 
0 0.554224 0.659433 0.0438965 0.0635417 0.916504 
0 0.588737 0.37963 0.024349 0.0865741 0.919922 
0 0.439714 0.398611 0.0325521 0.100926 0.922852 
0 0.370345 0.745602 0.0473307 0.0444444 0.923828 
0 0.581966 0.717824 0.0358073 0.0652778 0.924316 
0 0.695833 0.512442 0.0348958 0.0809028 0.926758 
0 0.564063 0.802083 0.03125 0.075463 0.927734 
0 0.395736 0.368519 0.0541016 0.0541667 0.927734 
0 0.647786 0.390278 0.0453125 0.0421296 0.928223 
0 0.58125 0.294676 0.0240885 0.0986111 0.928711 
0 0.393229 0.426389 0.0526042 0.0486111 0.929199 
0 0.617578 0.486473 0.0313802 0.094184 0.929688 
0 0.567969 0.473553 0.0496094 0.0519676 0.930176 
0 0.616536 0.240741 0.0479167 0.0587963 0.931152 
0 0.488802 0.133449 0.0317708 0.075463 0.932129 
0 0.598307 0.56875 0.0480469 0.0652778 0.932129 
0 0.667188 0.437731 0.0432292 0.0564815 0.933594 
0 0.655859 0.760185 0.0424479 0.0643519 0.934082 
0 0.721354 0.561111 0.0273438 0.0847222 0.934082 
0 0.595443 0.839815 0.0425781 0.0671296 0.935059 
0 0.523112 0.469676 0.0423177 0.0847222 0.936035 
0 0.520809 0.383565 0.0402832 0.0939815 0.938965 
0 0.547917 0.22691 0.0260417 0.0934028 0.939453 
0 0.469531 0.477894 0.0544271 0.0664352 0.940918 
0 0.40599 0.599653 0.0369792 0.0777778 0.941895 
0 0.681641 0.299769 0.0385417 0.0675926 0.949219 
