0 0.501107 0.326852 0.058724 0.0611111 0.77832 
0 0.555013 0.14213 0.0545573 0.0324074 0.781738 
0 0.675911 0.364352 0.0414062 0.0611111 0.783691 
0 0.685677 0.394676 0.038151 0.0560185 0.814941 
1 0.391797 0.873611 0.0513021 0.0388889 0.818848 
1 0.307292 0.270139 0.0317708 0.0717593 0.82373 
0 0.548055 0.183218 0.0406087 0.0530093 0.836426 
0 0.386328 0.130932 0.0536458 0.0673032 0.837402 
0 0.404948 0.395833 0.0520833 0.0578704 0.841797 
1 0.705469 0.744213 0.0169271 0.0814815 0.843262 
1 0.270833 0.471412 0.0255208 0.0923611 0.84375 
0 0.638542 0.286806 0.0210938 0.0916667 0.847656 
0 0.609115 0.279861 0.0290365 0.0912037 0.850586 
1 0.65599 0.159375 0.0411458 0.0618056 0.852051 
0 0.684245 0.331019 0.0479167 0.05 0.852539 
0 0.660417 0.269618 0.0226562 0.0857639 0.85498 
1 0.558529 0.199769 0.0397135 0.0583333 0.855469 
1 0.291545 0.705324 0.0301921 0.0930556 0.865234 
0 0.364974 0.572222 0.0333333 0.0976852 0.867188 
0 0.376693 0.365278 0.0460938 0.0592593 0.870605 
0 0.590951 0.165046 0.0255208 0.081713 0.871094 
0 0.644108 0.214873 0.0373047 0.0646991 0.875977 
0 0.421094 0.2614 0.0359375 0.0915509 0.878418 
0 0.631576 0.342361 0.0514323 0.075 0.881348 
0 0.688281 0.620486 0.0221354 0.0868056 0.882812 
1 0.5125 0.178819 0.0244792 0.0784722 0.898438 
0 0.680599 0.45706 0.0335937 0.0951389 0.899902 
0 0.679036 0.549421 0.0432292 0.0736111 0.902344 
0 0.628613 0.518461 0.0399089 0.0672454 0.904785 
0 0.570573 0.256771 0.0229167 0.0896991 0.906738 
0 0.641895 0.554311 0.0341797 0.0821181 0.909668 
