1 0.418359 0.214294 0.0429688 0.0663194 0.523926 
1 0.340039 0.245602 0.027474 0.0805556 0.57373 
0 0.376628 0.788889 0.0438802 0.0560185 0.607422 
1 0.303841 0.305556 0.0213542 0.0898148 0.612793 
1 0.423047 0.40162 0.0322917 0.0902778 0.625 
0 0.321615 0.728935 0.0229167 0.0740741 0.629883 
0 0.328906 0.666146 0.0470052 0.0491898 0.666992 
1 0.356706 0.371296 0.0446615 0.0597222 0.749512 
1 0.417448 0.371296 0.0408854 0.0740741 0.755371 
1 0.378353 0.26875 0.0474609 0.0555556 0.763184 
1 0.306592 0.654109 0.0292643 0.084375 0.768066 
0 0.373861 0.31088 0.0228516 0.0805556 0.797852 
0 0.32832 0.288889 0.0339844 0.0722222 0.799805 
1 0.381641 0.243287 0.0388021 0.0625 0.819336 
0 0.466276 0.198495 0.0388021 0.0756944 0.819824 
1 0.403385 0.245312 0.0247396 0.0797454 0.828125 
0 0.612891 0.760648 0.0311198 0.0796296 0.84375 
0 0.440234 0.209028 0.0385417 0.074537 0.847168 
0 0.421354 0.267188 0.0268229 0.0841435 0.854492 
0 0.524194 0.835648 0.0480957 0.0569444 0.855469 
1 0.38776 0.56276 0.0291667 0.0902199 0.859863 
1 0.595573 0.568981 0.0348958 0.0909722 0.862305 
0 0.385645 0.406019 0.0271484 0.0944444 0.864746 
0 0.458464 0.147338 0.0473958 0.0550926 0.865723 
1 0.508984 0.199537 0.0528646 0.0337963 0.868652 
1 0.303646 0.550463 0.0479167 0.0388889 0.87793 
0 0.526188 0.311343 0.0237305 0.0787037 0.882812 
1 0.541479 0.125318 0.0475098 0.0454282 0.896973 
