0 0.734375 0.497164 0.0208333 0.101736 0.41626 
0 0.336328 0.426794 0.0402344 0.0407407 0.456299 
1 0.336979 0.690741 0.0557292 0.0393519 0.592285 
0 0.56849 0.693519 0.0296875 0.0560185 0.675293 
1 0.318994 0.547483 0.0552409 0.0615162 0.757324 
1 0.29943 0.462847 0.0500977 0.0613426 0.763672 
1 0.633268 0.303704 0.0558594 0.0476852 0.816406 
1 0.398958 0.753241 0.0351562 0.0925926 0.834473 
1 0.449089 0.629398 0.0625 0.0384259 0.853516 
0 0.581657 0.264815 0.0603841 0.0574074 0.85498 
1 0.403418 0.481366 0.0650391 0.0416667 0.859375 
1 0.643099 0.279861 0.059375 0.0407407 0.862793 
0 0.383333 0.683796 0.053125 0.0777778 0.875488 
0 0.450521 0.670833 0.0682292 0.0513889 0.881836 
0 0.354329 0.251678 0.0632161 0.0475694 0.888184 
0 0.357161 0.583333 0.0372396 0.0988426 0.890137 
0 0.390495 0.448843 0.0666667 0.0439815 0.890625 
0 0.623861 0.329167 0.0587891 0.0583333 0.894043 
1 0.279297 0.613889 0.0225911 0.10463 0.895508 
0 0.30625 0.434324 0.0541667 0.0527633 0.899902 
1 0.283691 0.478704 0.035026 0.0888889 0.902832 
0 0.517643 0.41875 0.0313802 0.118981 0.907715 
0 0.435937 0.823611 0.0322917 0.108333 0.910645 
0 0.309896 0.718519 0.0453125 0.106944 0.911133 
0 0.401562 0.252083 0.03125 0.1125 0.912598 
0 0.573503 0.447352 0.063151 0.0807581 0.914551 
0 0.589014 0.694676 0.0693685 0.0601852 0.91748 
0 0.553385 0.31713 0.0338542 0.116204 0.91748 
1 0.640658 0.233333 0.0504557 0.0791667 0.924805 
1 0.368945 0.810417 0.0595052 0.0546296 0.92627 
0 0.33151 0.396296 0.0485677 0.099537 0.927734 
1 0.364844 0.304861 0.0432292 0.0847222 0.928223 
0 0.602604 0.15787 0.0585938 0.0710648 0.929688 
0 0.407454 0.40463 0.0632161 0.0611111 0.931641 
1 0.301823 0.305556 0.0322917 0.0907407 0.933105 
0 0.457813 0.175 0.046875 0.0902778 0.933594 
0 0.709245 0.498032 0.0507812 0.0844907 0.934082 
1 0.705762 0.391667 0.0516276 0.0606481 0.938477 
0 0.694238 0.632986 0.0554036 0.0506944 0.946289 
