0 0.510368 0.797454 0.0211263 0.0699074 0.538574 
1 0.465104 0.831944 0.0585938 0.0375 0.885254 
1 0.420182 0.85625 0.0309896 0.0902778 0.88623 
0 0.575911 0.733102 0.0625 0.049537 0.893066 
0 0.571029 0.609722 0.0608073 0.0395833 0.904785 
0 0.379264 0.572685 0.0263672 0.108565 0.90918 
0 0.560677 0.445486 0.0270833 0.112731 0.909668 
0 0.376855 0.509144 0.0288411 0.108333 0.911133 
0 0.511751 0.687326 0.0225911 0.111458 0.911621 
0 0.661068 0.518634 0.0270833 0.114583 0.913574 
1 0.548958 0.161111 0.0364583 0.0782407 0.914062 
0 0.430469 0.361574 0.0317708 0.1 0.916016 
1 0.43138 0.138773 0.05625 0.05625 0.916016 
0 0.680062 0.478921 0.0257487 0.103964 0.91748 
0 0.628548 0.317361 0.0379557 0.0967593 0.917969 
0 0.727083 0.452394 0.0502604 0.0401186 0.918457 
0 0.5875 0.284491 0.0253906 0.107407 0.918457 
0 0.551449 0.697917 0.0624674 0.0476852 0.921875 
0 0.369792 0.242882 0.0286458 0.104051 0.922363 
1 0.319661 0.646701 0.0570312 0.0427083 0.922363 
0 0.39528 0.467361 0.0333984 0.111574 0.92334 
0 0.691797 0.658796 0.0570312 0.0518519 0.923828 
0 0.605501 0.530642 0.0619141 0.0604745 0.925781 
0 0.474609 0.228762 0.0520833 0.0827546 0.926758 
0 0.586914 0.661111 0.0502604 0.0638889 0.926758 
0 0.438542 0.46956 0.0609375 0.053588 0.927246 
0 0.405469 0.276389 0.0479167 0.0768519 0.928711 
0 0.405469 0.562269 0.0294271 0.102546 0.930176 
0 0.463281 0.282639 0.0565104 0.0652778 0.930664 
0 0.364421 0.176273 0.0492839 0.0828704 0.931641 
0 0.52806 0.135069 0.0511719 0.0819444 0.932129 
1 0.494922 0.800926 0.0523438 0.0601852 0.932129 
0 0.482422 0.653472 0.0565104 0.0810185 0.93457 
0 0.708455 0.350926 0.051709 0.0722222 0.939453 
0 0.539323 0.217419 0.0536458 0.0688657 0.939453 
0 0.522135 0.486111 0.0578125 0.0601852 0.947754 
