0 0.382031 0.181134 0.0471354 0.0638889 0.553223 
1 0.715625 0.38287 0.0432292 0.0550926 0.592773 
0 0.338021 0.56412 0.0503906 0.0409722 0.629883 
0 0.321615 0.258796 0.0223958 0.0569444 0.720703 
1 0.647786 0.220833 0.0283854 0.0875 0.725586 
0 0.53151 0.352315 0.0395833 0.0962963 0.76123 
0 0.510547 0.0917824 0.0549479 0.0386574 0.780273 
1 0.427214 0.113889 0.0604167 0.0363426 0.817383 
1 0.549398 0.175579 0.0590169 0.0381944 0.828613 
0 0.498307 0.933796 0.0348958 0.0472222 0.82959 
1 0.469401 0.0922454 0.0528646 0.0359954 0.86377 
0 0.674892 0.363426 0.0164591 0.109722 0.871582 
0 0.712817 0.408333 0.0481934 0.0472222 0.873535 
0 0.575586 0.686806 0.0582031 0.0439815 0.884766 
0 0.298722 0.498611 0.0491699 0.0453704 0.890137 
0 0.339193 0.259549 0.0516927 0.0633102 0.893066 
0 0.336572 0.545833 0.0521159 0.0453704 0.899902 
0 0.410547 0.780556 0.053125 0.0481481 0.902832 
1 0.664974 0.681481 0.0182292 0.100463 0.904785 
0 0.703963 0.654167 0.0194173 0.0912037 0.904785 
0 0.720833 0.63831 0.0223958 0.0951389 0.905273 
1 0.413021 0.209664 0.0247396 0.096875 0.90625 
1 0.285677 0.365972 0.0197917 0.0972222 0.908203 
0 0.714315 0.528704 0.0457194 0.0481481 0.910156 
0 0.519271 0.693056 0.0234375 0.0972222 0.91748 
1 0.612174 0.279167 0.0576823 0.0425926 0.917969 
0 0.43776 0.837269 0.0375 0.075 0.918457 
1 0.641016 0.159259 0.04375 0.0601852 0.918945 
0 0.624414 0.434375 0.0253906 0.102546 0.918945 
0 0.484375 0.470153 0.0414062 0.104832 0.921875 
0 0.335482 0.630729 0.0489583 0.0533565 0.92334 
0 0.457813 0.254688 0.046875 0.0994213 0.923828 
0 0.348958 0.447135 0.0307292 0.0791088 0.928223 
0 0.453906 0.43831 0.0276042 0.113194 0.929199 
0 0.366536 0.538426 0.0313802 0.0935185 0.929688 
0 0.375553 0.356481 0.0366536 0.0944444 0.931641 
0 0.536719 0.747222 0.0328125 0.0861111 0.932129 
1 0.615072 0.156395 0.0370443 0.0867477 0.93457 
0 0.314714 0.425 0.0488281 0.0518519 0.935547 
1 0.519694 0.131279 0.0390625 0.0656829 0.936523 
0 0.62666 0.684664 0.0430339 0.0876157 0.943359 
0 0.69908 0.566667 0.0470215 0.0539352 0.946289 
0 0.548177 0.647222 0.0541667 0.0680556 0.946777 
