0 0.391927 0.746991 0.059375 0.0458333 0.510742 
0 0.444271 0.626852 0.0638021 0.05 0.523438 
1 0.323177 0.596065 0.0203125 0.0634259 0.591797 
0 0.511458 0.468981 0.0640625 0.0638889 0.729004 
0 0.674821 0.284491 0.016276 0.0592593 0.73291 
1 0.451432 0.302546 0.0601563 0.0388889 0.800293 
1 0.458333 0.275926 0.0677083 0.0407407 0.816406 
1 0.579232 0.578241 0.0648438 0.0465278 0.827637 
1 0.528027 0.132176 0.0548177 0.0337963 0.854004 
1 0.616992 0.642477 0.0576823 0.0358796 0.868652 
1 0.51167 0.239583 0.0220378 0.118981 0.874023 
1 0.301286 0.564236 0.0310221 0.0972222 0.894043 
0 0.523999 0.411111 0.0477051 0.0458333 0.901367 
1 0.451823 0.516088 0.0583333 0.0574074 0.902832 
1 0.602604 0.523148 0.0617188 0.0555556 0.906738 
0 0.428385 0.864352 0.0570312 0.0518519 0.907227 
1 0.435286 0.590625 0.0572917 0.0541667 0.910645 
0 0.523706 0.516204 0.0463379 0.0555556 0.915039 
1 0.698177 0.406713 0.05625 0.0421296 0.92041 
1 0.535376 0.675926 0.062972 0.0421296 0.924805 
1 0.422917 0.194676 0.0502604 0.0861111 0.927246 
0 0.655762 0.289815 0.0541016 0.0666667 0.928223 
1 0.647786 0.397685 0.0611979 0.0425926 0.928711 
1 0.655208 0.625 0.0338542 0.106019 0.928711 
1 0.54349 0.821991 0.0380208 0.0939815 0.929199 
1 0.548055 0.250926 0.0563639 0.0800926 0.930664 
1 0.385449 0.374306 0.0361328 0.106019 0.932617 
0 0.405729 0.511574 0.0263021 0.123148 0.933594 
1 0.601628 0.681481 0.0567708 0.0685185 0.938477 
0 0.473307 0.799074 0.0583333 0.0648148 0.943848 
1 0.583724 0.347685 0.0505208 0.0875 0.944336 
1 0.339014 0.598264 0.0532227 0.0636574 0.948242 
