0 0.546126 0.184259 0.0267578 0.0601852 0.746094 
0 0.63929 0.277546 0.0222005 0.0837963 0.78418 
0 0.658984 0.353704 0.0403646 0.0574074 0.820801 
0 0.545687 0.363426 0.0500326 0.0328704 0.875488 
0 0.562988 0.778241 0.0361328 0.0587963 0.888672 
0 0.482552 0.630845 0.0541667 0.040162 0.893066 
0 0.484115 0.852778 0.0507812 0.0560185 0.895996 
0 0.616243 0.210648 0.0445964 0.0493056 0.896484 
1 0.569401 0.259722 0.0359375 0.0523148 0.901855 
0 0.671094 0.673785 0.0286458 0.0737269 0.90332 
0 0.353451 0.471166 0.0373698 0.0743345 0.910156 
0 0.371126 0.626678 0.038737 0.0855324 0.911133 
0 0.617122 0.67662 0.0272135 0.087963 0.912109 
0 0.574658 0.188194 0.0379232 0.0664352 0.912598 
0 0.528385 0.759259 0.05 0.0490741 0.913574 
0 0.522656 0.324537 0.0510417 0.0532407 0.918945 
0 0.618913 0.409722 0.0314453 0.0787037 0.92041 
0 0.559896 0.391435 0.0479167 0.0481481 0.920898 
0 0.60293 0.444734 0.0447917 0.0690972 0.922363 
0 0.478255 0.709954 0.0322917 0.0930556 0.924316 
0 0.428385 0.632118 0.0283854 0.096875 0.924316 
0 0.555347 0.610301 0.0460775 0.0657407 0.925781 
1 0.601693 0.656481 0.0246094 0.0884259 0.927246 
0 0.511739 0.692824 0.0240479 0.0902778 0.927734 
0 0.459505 0.552662 0.0471354 0.0655093 0.932129 
0 0.619271 0.31713 0.0227865 0.0856481 0.935059 
1 0.62832 0.765046 0.0264323 0.0689815 0.935059 
0 0.574479 0.516146 0.0335937 0.0929398 0.935547 
0 0.370508 0.278704 0.0352865 0.0759259 0.936523 
1 0.660677 0.575926 0.0416667 0.04375 0.947266 
