1 0.482422 0.308102 0.0244792 0.109722 0.52832 
1 0.621908 0.425463 0.0400391 0.0972222 0.669434 
0 0.615625 0.574074 0.0333333 0.037037 0.738281 
0 0.532552 0.519907 0.04375 0.0907407 0.883789 
1 0.56416 0.444213 0.0572266 0.0444444 0.888184 
0 0.574137 0.568634 0.0402669 0.100463 0.888672 
1 0.733529 0.726389 0.0389323 0.0800926 0.903809 
0 0.61556 0.603472 0.0335937 0.0976852 0.906738 
1 0.511979 0.71412 0.0536458 0.0564815 0.911621 
0 0.611849 0.499074 0.0332031 0.1 0.914062 
0 0.531616 0.309028 0.0555176 0.0601852 0.916992 
0 0.757422 0.613426 0.0356771 0.0837963 0.917969 
0 0.510286 0.405787 0.0382813 0.107407 0.923828 
0 0.406771 0.326157 0.0390625 0.104167 0.923828 
0 0.467187 0.65625 0.0544271 0.0564815 0.925293 
0 0.554826 0.272222 0.0574056 0.0555556 0.925781 
0 0.528215 0.232813 0.0562012 0.0440972 0.925781 
0 0.682552 0.689815 0.034375 0.101852 0.92627 
0 0.45 0.715046 0.0416667 0.0847222 0.92627 
0 0.41888 0.583796 0.0638021 0.0483796 0.927246 
0 0.481641 0.70787 0.0466146 0.0800926 0.927734 
0 0.691276 0.418519 0.0440104 0.106944 0.927734 
0 0.536849 0.391898 0.0271484 0.104167 0.928223 
0 0.679281 0.597049 0.025944 0.101736 0.928711 
0 0.580339 0.328935 0.0307292 0.0962963 0.931641 
0 0.453776 0.860532 0.0450521 0.0631944 0.932617 
0 0.623047 0.263426 0.04375 0.0819444 0.93457 
0 0.584505 0.373843 0.0434896 0.0865741 0.935059 
0 0.568229 0.529398 0.0307292 0.0944444 0.935547 
0 0.468099 0.603009 0.0580729 0.0541667 0.935547 
0 0.513542 0.748611 0.0520833 0.0662037 0.9375 
0 0.511458 0.646065 0.0505208 0.0847222 0.939941 
0 0.453906 0.437269 0.0283854 0.106944 0.939941 
0 0.446094 0.52662 0.0515625 0.0773148 0.949707 
0 0.754297 0.511748 0.0459635 0.065162 0.949707 
0 0.563314 0.706713 0.051888 0.0680556 0.951172 
