1 0.37181 0.911574 0.0480469 0.0564815 0.448975 
1 0.33431 0.82338 0.0365885 0.0662037 0.68457 
1 0.323812 0.837963 0.0364909 0.0666667 0.706055 
1 0.573177 0.897569 0.0197917 0.0715278 0.715332 
1 0.421745 0.732639 0.0585938 0.0509259 0.783203 
1 0.380339 0.888889 0.0453125 0.0592593 0.783691 
1 0.548519 0.881019 0.0558268 0.0564815 0.794434 
1 0.272729 0.620486 0.0231608 0.08125 0.794922 
1 0.331657 0.781019 0.0387695 0.0796296 0.807129 
1 0.397038 0.781944 0.0335286 0.0893519 0.808594 
1 0.428125 0.922222 0.0471354 0.062037 0.820801 
1 0.363607 0.764352 0.0527344 0.0449074 0.825684 
1 0.352734 0.722222 0.0484375 0.0384259 0.82666 
1 0.315918 0.587269 0.0505859 0.0423611 0.829102 
1 0.455208 0.16875 0.0520833 0.0476852 0.832031 
1 0.5875 0.896759 0.0509115 0.0768519 0.835938 
1 0.435937 0.879861 0.0507812 0.0662037 0.838867 
1 0.370605 0.833102 0.0527995 0.0699074 0.843262 
1 0.282251 0.534983 0.0481283 0.0443866 0.84375 
1 0.287524 0.642477 0.0202637 0.0844907 0.844727 
1 0.485286 0.152315 0.0523438 0.05 0.856934 
1 0.310612 0.551389 0.0497396 0.0493056 0.861328 
0 0.420833 0.687037 0.0515625 0.0763889 0.863281 
1 0.290234 0.498148 0.0525391 0.0400463 0.865723 
1 0.507552 0.90463 0.0484375 0.0722222 0.872559 
0 0.310872 0.700463 0.040625 0.0777778 0.87793 
1 0.402604 0.590509 0.0565104 0.0606481 0.882812 
1 0.345313 0.671065 0.0415365 0.0782407 0.893066 
1 0.333984 0.487731 0.05 0.0712963 0.899902 
