0 0.631966 0.296296 0.0433594 0.0976852 0.461182 
1 0.637337 0.817361 0.0419922 0.0708333 0.571777 
1 0.684896 0.698611 0.0242188 0.0949074 0.583496 
0 0.521346 0.912037 0.0425944 0.037037 0.617188 
0 0.517253 0.871296 0.0550781 0.0481481 0.648438 
0 0.553385 0.892245 0.0578125 0.0386574 0.682617 
0 0.658854 0.692303 0.0351562 0.100116 0.717773 
0 0.552026 0.832176 0.0533691 0.0398148 0.728516 
0 0.509717 0.52092 0.019694 0.0961227 0.767578 
1 0.584587 0.829398 0.0378581 0.0763889 0.771484 
0 0.365527 0.268056 0.038737 0.108796 0.780273 
1 0.62819 0.673611 0.0259115 0.108333 0.780273 
0 0.585856 0.666262 0.0566732 0.0758102 0.785156 
0 0.365137 0.765741 0.0527995 0.0638889 0.785645 
1 0.698519 0.296528 0.0231445 0.101389 0.806641 
0 0.618424 0.779167 0.0329427 0.0875 0.83252 
1 0.299097 0.32037 0.0577962 0.0532407 0.844727 
0 0.466016 0.374537 0.0328125 0.121296 0.845703 
0 0.563997 0.556944 0.0605469 0.0703704 0.847168 
0 0.458203 0.854398 0.0598958 0.0402778 0.848145 
0 0.405599 0.808102 0.0544271 0.0592593 0.848145 
1 0.682813 0.617824 0.0598958 0.0476852 0.850098 
1 0.725895 0.494994 0.0229492 0.104456 0.856445 
0 0.555729 0.791435 0.0541667 0.0699074 0.85791 
0 0.660026 0.307407 0.0359375 0.10787 0.858887 
0 0.545312 0.672975 0.0552083 0.0938657 0.858887 
1 0.69318 0.48206 0.0530924 0.0451389 0.860352 
1 0.504687 0.79375 0.0210938 0.0930556 0.861816 
0 0.437891 0.899537 0.0471354 0.0481481 0.863281 
0 0.493815 0.517593 0.055599 0.0916667 0.86377 
1 0.488281 0.768981 0.0203125 0.0981481 0.868652 
0 0.646875 0.51985 0.0619792 0.0649306 0.875488 
0 0.546354 0.414815 0.0557292 0.10463 0.876953 
1 0.326481 0.288657 0.0556315 0.0638889 0.882324 
1 0.325 0.238021 0.0535156 0.0711806 0.884766 
0 0.585417 0.293056 0.0309896 0.120833 0.897461 
1 0.529972 0.16088 0.051123 0.0678241 0.898926 
0 0.396224 0.841435 0.053125 0.0601852 0.900879 
