0 0.32474 0.755093 0.0171875 0.100463 0.713379 
1 0.426953 0.763426 0.0674479 0.0509259 0.739746 
0 0.509794 0.544878 0.0188232 0.0847801 0.77832 
0 0.376953 0.844213 0.0359375 0.0949074 0.802734 
0 0.575 0.348843 0.0161458 0.0893519 0.806641 
0 0.548258 0.209664 0.0493164 0.0834491 0.827148 
0 0.542448 0.103241 0.0572917 0.0416667 0.837402 
0 0.638672 0.639294 0.0630208 0.058912 0.906738 
0 0.400391 0.145949 0.0583333 0.0666667 0.912598 
0 0.525 0.446875 0.0348958 0.102546 0.919434 
0 0.472396 0.439569 0.0671875 0.0618345 0.919434 
0 0.525586 0.546759 0.0384115 0.0935185 0.920898 
0 0.563281 0.391898 0.0291667 0.10463 0.922363 
0 0.363835 0.568056 0.0613932 0.05 0.922852 
0 0.536458 0.705787 0.0505208 0.099537 0.924316 
0 0.625521 0.177083 0.0421875 0.0865741 0.925293 
0 0.677214 0.309722 0.0289063 0.101852 0.925293 
0 0.510807 0.127633 0.0460938 0.0739005 0.927734 
0 0.496029 0.545023 0.0459635 0.0810185 0.929199 
0 0.555469 0.478356 0.05625 0.0506944 0.929199 
0 0.717057 0.390741 0.0329427 0.100926 0.931152 
0 0.471615 0.245139 0.0541667 0.0916667 0.931641 
0 0.463802 0.115278 0.0539063 0.0601852 0.932617 
0 0.457552 0.33125 0.0591146 0.0833333 0.933594 
0 0.570833 0.137037 0.05625 0.0541667 0.933594 
0 0.421615 0.471745 0.0385417 0.10952 0.935547 
0 0.363086 0.424769 0.0608073 0.0796296 0.936035 
0 0.469661 0.577546 0.0580729 0.0787037 0.939453 
0 0.470052 0.160417 0.0588542 0.0694444 0.941406 
0 0.289518 0.491131 0.0553385 0.070515 0.941895 
0 0.336133 0.396759 0.0622396 0.0527778 0.942383 
0 0.543433 0.352546 0.0502441 0.0902778 0.944336 
0 0.339323 0.756481 0.0453125 0.102315 0.945312 
0 0.589583 0.353472 0.0447917 0.100463 0.945312 
0 0.313997 0.626563 0.055599 0.0894676 0.948242 
