1 0.400879 0.32037 0.0591797 0.0444444 0.60498 
0 0.426563 0.734259 0.0565104 0.0462963 0.662109 
1 0.557552 0.516204 0.0526042 0.0555556 0.731934 
0 0.442057 0.266435 0.0585938 0.0375 0.740723 
1 0.452865 0.240046 0.0567708 0.0398148 0.811035 
0 0.441276 0.375231 0.059375 0.0541667 0.816895 
1 0.653646 0.663194 0.0471354 0.0393519 0.867188 
1 0.543921 0.245544 0.0430176 0.0737269 0.876465 
1 0.617188 0.320833 0.0526042 0.0449074 0.899414 
0 0.508854 0.412037 0.0260417 0.107407 0.901367 
1 0.367122 0.722685 0.053776 0.0393519 0.906738 
0 0.616992 0.262963 0.021875 0.0939815 0.910645 
1 0.548576 0.653646 0.054541 0.0329861 0.912109 
1 0.461458 0.289815 0.0473958 0.0722222 0.92041 
1 0.665755 0.55463 0.0476562 0.0435185 0.92041 
0 0.383854 0.809259 0.0445313 0.074537 0.92041 
0 0.490104 0.384028 0.0419271 0.087963 0.922363 
0 0.30026 0.275926 0.0557292 0.05 0.924316 
1 0.605013 0.687037 0.0571615 0.0361111 0.929688 
1 0.633464 0.380324 0.0559896 0.0398148 0.932129 
1 0.620313 0.2125 0.0479167 0.0694444 0.935059 
1 0.503516 0.652315 0.0507812 0.0731481 0.938477 
1 0.686198 0.508333 0.0239583 0.0851852 0.939941 
1 0.575977 0.699074 0.0516927 0.0592593 0.943848 
0 0.534245 0.534259 0.0500651 0.0673611 0.946777 
0 0.486589 0.795602 0.0546875 0.0615741 0.950195 
0 0.669531 0.459491 0.0338542 0.0949074 0.950195 
