1 0.672266 0.71088 0.0515625 0.0444444 0.57373 
0 0.611654 0.366204 0.0390625 0.0819444 0.612793 
1 0.539323 0.865394 0.0507812 0.0349537 0.805664 
0 0.554427 0.759722 0.01875 0.0847222 0.82666 
1 0.611393 0.179051 0.0514323 0.0349537 0.844238 
0 0.667578 0.690509 0.05 0.0578704 0.868652 
1 0.623861 0.642593 0.023112 0.102778 0.882812 
0 0.342318 0.664873 0.0190104 0.0961806 0.891602 
0 0.314274 0.433218 0.0201497 0.0909722 0.896484 
0 0.356576 0.302315 0.0498698 0.0407407 0.896973 
1 0.558366 0.403241 0.0233724 0.103241 0.898438 
0 0.617122 0.230556 0.0244792 0.0782407 0.899414 
1 0.448437 0.199653 0.0210938 0.0928241 0.903809 
0 0.525521 0.250694 0.0265625 0.0925926 0.90918 
1 0.692969 0.508796 0.0195312 0.0981481 0.911133 
0 0.674479 0.608565 0.0502604 0.0465278 0.912598 
0 0.493099 0.572222 0.0273438 0.11088 0.916504 
0 0.555729 0.288194 0.0552083 0.0550926 0.920898 
0 0.666016 0.573495 0.0450521 0.0518519 0.924316 
0 0.377409 0.640278 0.0535156 0.0555556 0.926758 
0 0.709115 0.348611 0.0299479 0.0842593 0.928223 
1 0.446615 0.563079 0.0304687 0.0974537 0.928223 
0 0.60625 0.275637 0.0472656 0.0802083 0.928223 
0 0.395833 0.443866 0.0328125 0.0946759 0.929688 
0 0.610156 0.768287 0.0356771 0.0763889 0.930664 
0 0.478776 0.786111 0.0518229 0.0486111 0.931152 
0 0.388281 0.284028 0.0351562 0.0796296 0.932129 
0 0.536458 0.175694 0.0484375 0.0680556 0.933105 
0 0.68125 0.313426 0.0260417 0.0893519 0.933594 
1 0.585156 0.505903 0.0233073 0.101157 0.935059 
0 0.436198 0.383796 0.0533854 0.0513889 0.935059 
0 0.403776 0.189815 0.04375 0.0689815 0.936523 
0 0.371973 0.550347 0.0451172 0.0856481 0.939453 
0 0.577018 0.772222 0.0484375 0.0768519 0.940918 
0 0.352734 0.408565 0.0542969 0.0615741 0.942871 
1 0.642969 0.235417 0.0231771 0.087963 0.942871 
0 0.527254 0.450521 0.0362467 0.0863426 0.949707 
0 0.551701 0.548611 0.0479004 0.0824074 0.950684 
