1 0.357617 0.422692 0.0325521 0.0310041 0.519043 
0 0.452214 0.286285 0.0302083 0.102431 0.561523 
1 0.703906 0.477532 0.0231771 0.101186 0.750488 
1 0.357943 0.219213 0.0257812 0.0912037 0.753418 
1 0.451432 0.149421 0.0502604 0.0539352 0.792969 
1 0.411719 0.534722 0.0546875 0.0453704 0.79834 
1 0.548177 0.317824 0.0567708 0.0467593 0.798828 
1 0.411458 0.318287 0.0289063 0.0930556 0.80127 
0 0.375749 0.209722 0.0242839 0.0888889 0.810547 
1 0.391829 0.341435 0.0202474 0.0967593 0.837891 
0 0.321875 0.274074 0.0242188 0.0912037 0.839355 
1 0.676432 0.664178 0.0375 0.101736 0.848145 
1 0.466276 0.700463 0.0320312 0.0972222 0.848633 
1 0.664714 0.504167 0.0533854 0.0472222 0.849121 
0 0.363411 0.676852 0.0278646 0.101389 0.854492 
1 0.566927 0.783796 0.0239583 0.0967593 0.859375 
1 0.486328 0.245544 0.0239583 0.0940972 0.86084 
1 0.378711 0.483796 0.0222656 0.105556 0.861816 
1 0.60638 0.702083 0.0292969 0.101389 0.864258 
1 0.410286 0.208796 0.0346354 0.0833333 0.864258 
1 0.566292 0.124653 0.0314779 0.08125 0.866699 
1 0.588932 0.123756 0.0415365 0.0635995 0.867676 
1 0.362109 0.294444 0.0450521 0.0777778 0.875977 
1 0.550928 0.346065 0.0520508 0.0481481 0.875977 
1 0.405632 0.149537 0.0470703 0.0386574 0.87793 
1 0.432682 0.200463 0.0270833 0.0930556 0.878418 
0 0.53724 0.243519 0.028125 0.0884259 0.879395 
1 0.720833 0.324537 0.0471354 0.0717593 0.879883 
1 0.466406 0.634954 0.034375 0.0824074 0.882324 
1 0.358594 0.390046 0.0292969 0.0921296 0.884766 
0 0.414583 0.378009 0.028125 0.0902778 0.887695 
1 0.459766 0.428241 0.0450521 0.0722222 0.916504 
