1 0.432812 0.116782 0.0494792 0.0518519 0.698242 
1 0.408105 0.928241 0.0538411 0.0518519 0.752441 
1 0.279883 0.325463 0.047526 0.0421296 0.772949 
1 0.451172 0.237326 0.0513021 0.066088 0.777832 
1 0.558659 0.25463 0.0257812 0.10463 0.77832 
1 0.383984 0.572685 0.0585938 0.0407407 0.782227 
0 0.513802 0.467245 0.0572917 0.0534722 0.783203 
1 0.569206 0.43201 0.0571615 0.0396846 0.787598 
1 0.489388 0.212384 0.0566406 0.0490741 0.790039 
1 0.683854 0.450275 0.025 0.0837095 0.790527 
1 0.325765 0.383102 0.0521159 0.049537 0.791016 
1 0.337874 0.288426 0.0591471 0.0476852 0.793457 
1 0.480729 0.133102 0.0299479 0.0881944 0.798828 
1 0.282813 0.77963 0.0270833 0.0981481 0.802246 
1 0.413672 0.878704 0.0585938 0.0518519 0.807129 
1 0.430729 0.815972 0.0208333 0.0902778 0.809082 
1 0.454688 0.166898 0.0315104 0.0930556 0.8125 
1 0.498242 0.245602 0.052474 0.0402778 0.81543 
1 0.447396 0.784259 0.0200521 0.0916667 0.817871 
1 0.652083 0.469314 0.0317708 0.0993345 0.820801 
1 0.654199 0.534259 0.0569661 0.0502315 0.821289 
1 0.405859 0.16713 0.04375 0.0793981 0.82373 
1 0.614518 0.325231 0.0394531 0.0930556 0.828125 
1 0.530534 0.240741 0.0373698 0.0675926 0.828125 
1 0.364518 0.340741 0.0472656 0.0523148 0.830566 
1 0.529948 0.374306 0.0364583 0.0819444 0.833496 
1 0.558586 0.790278 0.0570475 0.037037 0.839355 
1 0.601302 0.243461 0.0401042 0.0862269 0.839844 
1 0.438151 0.344907 0.0432292 0.0680556 0.84668 
1 0.281283 0.690972 0.0410156 0.0736111 0.849609 
1 0.613802 0.493519 0.0528646 0.0731481 0.850098 
1 0.443099 0.44647 0.0388021 0.0783565 0.850586 
1 0.483724 0.592593 0.0447917 0.0736111 0.853027 
1 0.651335 0.376852 0.0395182 0.0972222 0.854492 
1 0.47474 0.788194 0.0291667 0.0949074 0.855957 
1 0.527128 0.899653 0.0261475 0.0849537 0.856934 
1 0.54257 0.817361 0.0560059 0.0337963 0.857422 
1 0.397363 0.368287 0.0472005 0.0583333 0.859375 
1 0.352995 0.650405 0.0546875 0.0505787 0.861328 
1 0.398079 0.722685 0.0397786 0.0916667 0.865234 
