0 0.675846 0.585417 0.0182292 0.0680556 0.538574 
0 0.234115 0.552778 0.0231771 0.0842593 0.778809 
0 0.682943 0.316667 0.05625 0.0560185 0.784668 
1 0.719132 0.362037 0.0547038 0.0569444 0.796387 
1 0.610156 0.259491 0.0554687 0.0337963 0.810059 
1 0.671354 0.382176 0.0554687 0.0342593 0.821777 
0 0.670833 0.234201 0.0554687 0.047338 0.825684 
1 0.558073 0.109375 0.0580729 0.037037 0.837402 
0 0.679659 0.496644 0.0256429 0.0618056 0.839844 
0 0.28964 0.761111 0.0406413 0.0712963 0.84082 
1 0.635156 0.342824 0.0526042 0.0342593 0.842285 
1 0.256055 0.616898 0.0420573 0.0569444 0.84375 
0 0.542513 0.181019 0.0561198 0.0571759 0.852051 
0 0.455729 0.0911458 0.0526042 0.053125 0.85791 
0 0.25651 0.378472 0.0447917 0.0800926 0.858887 
0 0.394531 0.785417 0.0393229 0.0953704 0.859863 
0 0.659766 0.581713 0.0489583 0.0740741 0.864258 
1 0.423828 0.106829 0.0450521 0.0650463 0.866211 
1 0.244661 0.653762 0.0359375 0.0855324 0.867188 
0 0.351042 0.314583 0.0376302 0.0949074 0.868652 
0 0.658984 0.499971 0.065625 0.0597801 0.870605 
0 0.396094 0.898148 0.0526042 0.0453704 0.873047 
1 0.299422 0.81088 0.0489421 0.0430556 0.876465 
1 0.559115 0.931481 0.0484375 0.0537037 0.882812 
1 0.320264 0.855093 0.0480143 0.0416667 0.882812 
0 0.433594 0.183681 0.0325521 0.102546 0.883301 
0 0.613867 0.370833 0.0561198 0.0527778 0.888184 
0 0.37819 0.18669 0.0501302 0.0770833 0.904785 
