1 0.343815 0.621991 0.0496094 0.0662037 0.605957 
0 0.537158 0.0906829 0.0624023 0.0486111 0.778809 
0 0.382064 0.33912 0.0426432 0.100463 0.779297 
1 0.405599 0.731481 0.0458333 0.0925926 0.782227 
0 0.358854 0.602083 0.0515625 0.0613426 0.790039 
0 0.519857 0.427033 0.0377604 0.0399161 0.804199 
0 0.38623 0.513426 0.0475911 0.087963 0.833008 
0 0.578174 0.273843 0.0624023 0.0578704 0.839355 
0 0.535482 0.208912 0.0539714 0.0784722 0.845703 
0 0.395833 0.271991 0.0466146 0.0962963 0.848633 
0 0.465234 0.651794 0.0614583 0.0815972 0.852539 
0 0.523088 0.38588 0.0335124 0.119444 0.854492 
0 0.639844 0.523727 0.0419271 0.100694 0.858887 
0 0.294531 0.429861 0.0296875 0.101389 0.859375 
0 0.472135 0.214525 0.0567708 0.0686343 0.859375 
0 0.62679 0.657407 0.0586589 0.0532407 0.860352 
0 0.466406 0.310417 0.0335937 0.118981 0.863281 
0 0.521875 0.736111 0.0598958 0.0509259 0.866211 
0 0.310677 0.356944 0.04375 0.0861111 0.87207 
0 0.530526 0.842824 0.0343913 0.105093 0.877441 
0 0.730273 0.633796 0.0308594 0.100463 0.877441 
0 0.699609 0.374074 0.0257812 0.103241 0.878418 
0 0.573958 0.658854 0.0533854 0.0878472 0.881348 
0 0.670052 0.603472 0.0578125 0.0657407 0.88623 
0 0.363477 0.799537 0.058724 0.0782407 0.88623 
0 0.70293 0.50068 0.0422526 0.0771123 0.888184 
0 0.691219 0.657176 0.0479004 0.0694444 0.88916 
0 0.694271 0.45 0.0505208 0.0722222 0.890137 
0 0.438542 0.552083 0.05 0.0981481 0.893066 
0 0.369206 0.449363 0.0457031 0.0829861 0.894043 
0 0.321224 0.506019 0.0291667 0.108796 0.897949 
0 0.526969 0.673611 0.0530924 0.0740741 0.897949 
0 0.63776 0.433247 0.0505208 0.0521412 0.900391 
0 0.375326 0.667361 0.049349 0.0898148 0.901367 
