0 0.645964 0.625868 0.046875 0.047338 0.484863 
0 0.369401 0.206829 0.0278646 0.06875 0.57666 
0 0.295573 0.455787 0.0489583 0.0384259 0.677734 
0 0.462109 0.318519 0.0338542 0.0712963 0.683105 
0 0.59974 0.522222 0.0447917 0.0435185 0.683594 
0 0.369303 0.350926 0.0397786 0.0583333 0.699707 
0 0.339665 0.642072 0.0482747 0.0445602 0.726562 
0 0.500326 0.357176 0.049349 0.0430556 0.741211 
1 0.633854 0.493171 0.0322917 0.0821759 0.742188 
0 0.371745 0.37662 0.0484375 0.050463 0.771484 
0 0.426042 0.161806 0.0234375 0.0773148 0.777832 
1 0.64873 0.511574 0.0397786 0.0407407 0.781738 
1 0.587305 0.18831 0.0330729 0.0594907 0.800781 
0 0.353776 0.443403 0.0342448 0.0724537 0.802734 
1 0.359766 0.608796 0.0533854 0.0393519 0.806152 
0 0.657031 0.418287 0.0395833 0.0560185 0.80957 
1 0.543229 0.298611 0.0213542 0.0736111 0.810547 
1 0.613932 0.4125 0.0257812 0.0833333 0.814453 
0 0.605599 0.790509 0.0313802 0.0842593 0.82373 
0 0.410938 0.280093 0.0476562 0.0490741 0.82666 
0 0.478385 0.16088 0.0273438 0.0833333 0.832031 
1 0.295573 0.512934 0.03125 0.0778356 0.833984 
0 0.370833 0.120457 0.0217448 0.0623264 0.835938 
0 0.382129 0.232234 0.0430339 0.0494213 0.836426 
0 0.269792 0.59919 0.0520833 0.0604167 0.836914 
1 0.477995 0.271759 0.0348958 0.0615741 0.838867 
1 0.40013 0.535648 0.0273438 0.0881944 0.839844 
0 0.480208 0.387731 0.0401042 0.0708333 0.842285 
0 0.397526 0.181366 0.0414062 0.0472222 0.842773 
1 0.565365 0.813426 0.0260417 0.0888889 0.845703 
1 0.338086 0.178125 0.0338542 0.05625 0.846191 
1 0.682955 0.492361 0.032723 0.046412 0.84668 
1 0.534302 0.688194 0.0389486 0.0680556 0.859863 
0 0.41862 0.318519 0.0502604 0.050463 0.86377 
