1 0.294165 0.374537 0.037972 0.0726852 0.581055 
1 0.553646 0.766667 0.0302083 0.0962963 0.666992 
1 0.321354 0.609491 0.0223958 0.0958333 0.678711 
1 0.310417 0.388657 0.0442708 0.050463 0.735352 
0 0.292847 0.643113 0.0346191 0.0684028 0.784668 
1 0.270833 0.387269 0.021875 0.0898148 0.787109 
1 0.252995 0.380324 0.0236979 0.0907407 0.794922 
0 0.382096 0.202257 0.0451823 0.0806713 0.805664 
1 0.323112 0.261343 0.0449219 0.0481481 0.817383 
1 0.27793 0.493403 0.0429036 0.0715278 0.828613 
1 0.467187 0.120602 0.0296875 0.0944444 0.837402 
0 0.387142 0.150347 0.0527995 0.0608796 0.838867 
1 0.296883 0.325463 0.0481608 0.0388889 0.84082 
0 0.517786 0.816204 0.0294027 0.103241 0.844727 
1 0.314388 0.472815 0.0342448 0.0680266 0.845703 
0 0.2875 0.441667 0.0421875 0.0606481 0.848633 
0 0.370052 0.281655 0.028125 0.102894 0.849121 
0 0.508073 0.119444 0.028125 0.100694 0.869141 
0 0.276888 0.586806 0.0389323 0.0736111 0.870117 
0 0.427995 0.262269 0.0549479 0.0726852 0.872559 
1 0.605729 0.395602 0.0611979 0.0513889 0.873535 
0 0.314974 0.29213 0.0515625 0.0583333 0.876953 
1 0.686328 0.427546 0.0445313 0.0773148 0.88623 
1 0.324235 0.531481 0.0447591 0.0648148 0.902344 
