1 0.489323 0.167593 0.03125 0.0960648 0.568848 
1 0.525016 0.581944 0.0475586 0.0453704 0.63916 
1 0.477865 0.435301 0.0367188 0.0595486 0.664062 
1 0.548047 0.257176 0.0317057 0.0888889 0.700195 
1 0.441276 0.317361 0.021875 0.106944 0.73877 
1 0.630241 0.543519 0.0207682 0.0916667 0.739746 
1 0.633105 0.25787 0.0598307 0.0393519 0.844727 
1 0.522396 0.608912 0.0588542 0.0509259 0.861328 
1 0.44388 0.594907 0.0632812 0.037037 0.875977 
1 0.485807 0.410648 0.0494792 0.075 0.880371 
0 0.575391 0.566782 0.0518229 0.0354167 0.880371 
1 0.405762 0.788657 0.0538411 0.0481481 0.881348 
0 0.592367 0.414815 0.0611003 0.0546296 0.882324 
0 0.526725 0.554167 0.0527995 0.0592593 0.885254 
0 0.666406 0.533449 0.05 0.0717593 0.886719 
0 0.646094 0.452083 0.0479167 0.0532407 0.889648 
0 0.610677 0.558681 0.0309896 0.0974537 0.890137 
0 0.591667 0.334722 0.0571615 0.0606481 0.893555 
0 0.548706 0.170602 0.0437337 0.0773148 0.89502 
1 0.57207 0.65 0.0393229 0.0782407 0.899902 
1 0.558594 0.238889 0.0375 0.0856481 0.902832 
0 0.41276 0.166319 0.0231771 0.0962963 0.903809 
1 0.399349 0.536574 0.0299479 0.108333 0.908691 
0 0.458984 0.421065 0.0455729 0.0782407 0.90918 
1 0.364193 0.768519 0.0421875 0.0763889 0.910645 
1 0.327799 0.736574 0.0347656 0.0972222 0.911621 
0 0.550326 0.509838 0.0442708 0.08125 0.912109 
1 0.464974 0.501968 0.0588542 0.0509259 0.912598 
0 0.68125 0.410417 0.0290039 0.0953704 0.921875 
0 0.446224 0.254167 0.0445313 0.0722222 0.922363 
0 0.330208 0.405787 0.0527344 0.0662037 0.922363 
1 0.695858 0.481481 0.026123 0.0898148 0.923828 
1 0.522396 0.47037 0.025 0.103704 0.925781 
1 0.531144 0.338657 0.0360189 0.0962963 0.930664 
