0 0.625456 0.45162 0.0292969 0.0875 0.845215 
1 0.614941 0.606134 0.0529297 0.0395833 0.85498 
0 0.351888 0.715741 0.0514323 0.05 0.869629 
0 0.304175 0.767593 0.0442546 0.0439815 0.880859 
0 0.263871 0.414815 0.0227783 0.0962963 0.89502 
1 0.236198 0.566985 0.0190104 0.0975116 0.903809 
0 0.40638 0.665799 0.0554687 0.0480324 0.906738 
0 0.430078 0.489931 0.0591146 0.0516204 0.911133 
0 0.411979 0.895255 0.021875 0.0872685 0.913086 
0 0.396712 0.415972 0.0576172 0.0583333 0.914062 
0 0.433594 0.4375 0.0583333 0.0509259 0.916992 
0 0.564063 0.340509 0.034375 0.0824074 0.91748 
0 0.26849 0.506019 0.0505208 0.0453704 0.919922 
0 0.580355 0.37963 0.0494466 0.0407407 0.922852 
0 0.327995 0.555556 0.05 0.0462963 0.92334 
0 0.445573 0.293519 0.0447917 0.0675926 0.925293 
0 0.514766 0.64103 0.0271729 0.107292 0.928223 
1 0.259505 0.700463 0.0393229 0.0597222 0.931152 
0 0.419271 0.819676 0.0416667 0.0800926 0.931641 
1 0.482682 0.348148 0.0341146 0.0833333 0.931641 
0 0.517708 0.262963 0.0390625 0.0763889 0.931641 
1 0.613053 0.516667 0.0509766 0.037963 0.932617 
0 0.594987 0.440509 0.0311198 0.0939815 0.932617 
1 0.263281 0.558333 0.0416667 0.0611111 0.933594 
0 0.270247 0.642766 0.0464844 0.0515046 0.935059 
0 0.346094 0.498163 0.0429688 0.0765914 0.936035 
0 0.521094 0.422685 0.0395833 0.0856481 0.936523 
0 0.372656 0.535185 0.0510417 0.0657407 0.939453 
0 0.305208 0.698148 0.0505208 0.0634259 0.941895 
0 0.315983 0.473438 0.0431641 0.0828704 0.942871 
0 0.368359 0.444907 0.0411458 0.0753472 0.943848 
1 0.451172 0.345833 0.0276042 0.0884259 0.945801 
0 0.522062 0.475463 0.0433757 0.0925926 0.949707 
1 0.571077 0.642245 0.0207357 0.0914352 0.950195 
