1 0.575 0.30162 0.0166667 0.0819444 0.493164 
0 0.666146 0.423351 0.0440104 0.0320023 0.703125 
0 0.678455 0.400463 0.0240153 0.0768519 0.722656 
0 0.63724 0.284028 0.0419271 0.0875 0.838867 
1 0.558089 0.729861 0.0314779 0.108796 0.853516 
0 0.333594 0.645544 0.0490885 0.0728009 0.864746 
0 0.513867 0.886227 0.055599 0.0571759 0.879883 
0 0.532422 0.356481 0.0292318 0.100463 0.885254 
0 0.332487 0.28941 0.025651 0.108681 0.891602 
0 0.642448 0.737963 0.0520833 0.0439815 0.892578 
1 0.485156 0.193287 0.05 0.0483796 0.892578 
1 0.589323 0.301852 0.044401 0.0810185 0.897949 
0 0.569206 0.191898 0.0638021 0.049537 0.898926 
0 0.686011 0.641898 0.0385254 0.0703704 0.900391 
0 0.279167 0.477127 0.021875 0.113108 0.906738 
0 0.474089 0.739583 0.0434896 0.0847222 0.907715 
0 0.478385 0.777546 0.0408854 0.0828704 0.912109 
0 0.48125 0.589815 0.0414062 0.10162 0.913086 
0 0.488737 0.912963 0.0579427 0.0407407 0.913086 
0 0.670573 0.200752 0.0432292 0.091088 0.914551 
0 0.405632 0.804398 0.0642578 0.0527778 0.916992 
0 0.391569 0.84213 0.0564453 0.0462963 0.919434 
0 0.506966 0.262674 0.0308594 0.101505 0.919434 
0 0.584635 0.238368 0.0481771 0.071412 0.922852 
0 0.375 0.510648 0.0625 0.0611111 0.924805 
0 0.675521 0.526852 0.0502604 0.0537037 0.927246 
0 0.654427 0.547685 0.0492187 0.087963 0.928223 
0 0.595964 0.78125 0.0554687 0.0587963 0.928711 
0 0.329427 0.533333 0.0627604 0.0546296 0.931641 
0 0.553857 0.308333 0.0563477 0.0796296 0.932129 
0 0.612956 0.413657 0.0514323 0.0796296 0.933105 
0 0.481901 0.48886 0.0453125 0.107002 0.933105 
0 0.355794 0.229977 0.0414062 0.0988426 0.933594 
0 0.454427 0.231829 0.0505208 0.0872685 0.933594 
0 0.368717 0.317361 0.0555339 0.0657407 0.934082 
0 0.687655 0.381019 0.0399251 0.0972222 0.935547 
0 0.471094 0.666377 0.0403646 0.0903935 0.936035 
0 0.705859 0.559722 0.0507812 0.062037 0.9375 
0 0.489974 0.347685 0.0489583 0.0944444 0.942383 
0 0.663802 0.39213 0.0507812 0.0967593 0.943359 
0 0.696745 0.662037 0.0494792 0.0675926 0.946777 
