0 0.430078 0.42249 0.0484375 0.0303675 0.51123 
0 0.602214 0.661343 0.0407552 0.0953704 0.516113 
0 0.59113 0.526852 0.0557617 0.0509259 0.601562 
0 0.458464 0.694676 0.0244792 0.105556 0.648438 
1 0.528979 0.4 0.0555827 0.0671296 0.722656 
1 0.40612 0.67037 0.0395833 0.0953704 0.81543 
0 0.574479 0.811111 0.0182292 0.0731481 0.820801 
0 0.366667 0.82963 0.0292969 0.0916667 0.822266 
0 0.387891 0.324769 0.0317708 0.0949074 0.829102 
0 0.403678 0.89537 0.0546224 0.0490741 0.843262 
0 0.482552 0.297917 0.0239583 0.107407 0.862793 
0 0.463281 0.289815 0.0234375 0.101852 0.862793 
1 0.398145 0.127691 0.0524089 0.0432292 0.873535 
0 0.338802 0.475231 0.0632812 0.0631944 0.89209 
1 0.521354 0.675926 0.0427083 0.0833333 0.900879 
1 0.539062 0.811111 0.025 0.100926 0.904297 
0 0.638932 0.369213 0.0255208 0.10463 0.906738 
1 0.299341 0.345139 0.0425944 0.0736111 0.906738 
1 0.271326 0.377778 0.0258382 0.100926 0.910645 
0 0.714453 0.497222 0.0458333 0.0638889 0.914551 
0 0.439974 0.640509 0.03125 0.106481 0.915039 
1 0.435026 0.190394 0.0289063 0.0900463 0.915527 
0 0.503516 0.761574 0.0575521 0.0537037 0.915527 
1 0.274479 0.648611 0.0348958 0.0893519 0.917969 
1 0.291667 0.715046 0.0427083 0.0675926 0.918457 
1 0.262956 0.482422 0.028776 0.0925637 0.918457 
0 0.539453 0.525 0.056901 0.0462963 0.918457 
0 0.589714 0.81088 0.0472656 0.0726852 0.919434 
1 0.530127 0.158796 0.0242513 0.0956019 0.919922 
1 0.48724 0.437182 0.0479167 0.0587963 0.920898 
1 0.685417 0.58287 0.053125 0.043287 0.922852 
1 0.646647 0.65625 0.051237 0.0523148 0.92334 
0 0.376693 0.168171 0.0591146 0.0497685 0.92334 
1 0.475 0.211632 0.0578125 0.052662 0.923828 
0 0.400651 0.243519 0.0580729 0.0574074 0.925293 
1 0.486979 0.638021 0.0348958 0.0943287 0.926758 
0 0.507943 0.313426 0.0367188 0.0930556 0.930176 
1 0.680208 0.50026 0.0526042 0.0524884 0.930664 
0 0.504883 0.487037 0.0485677 0.0694444 0.931641 
0 0.676042 0.344907 0.0466146 0.0856481 0.935059 
0 0.430208 0.399537 0.0515625 0.0791667 0.937988 
1 0.676823 0.433102 0.0546875 0.0421296 0.939453 
