0 0.634017 0.422273 0.0350911 0.0297598 0.592773 
0 0.43125 0.49213 0.059375 0.0416667 0.803711 
0 0.482161 0.35 0.0252604 0.106019 0.845215 
1 0.577148 0.718287 0.05625 0.0402778 0.862305 
1 0.329932 0.807176 0.0419596 0.0787037 0.881836 
1 0.366862 0.57283 0.0227865 0.0978588 0.89209 
1 0.596615 0.876157 0.0460938 0.0532407 0.895508 
1 0.512174 0.304861 0.053776 0.0490741 0.898438 
0 0.488542 0.890741 0.0322917 0.0898148 0.898926 
0 0.43151 0.596528 0.0286458 0.103241 0.901855 
0 0.460677 0.399074 0.0283854 0.0935185 0.90332 
0 0.381999 0.2625 0.030013 0.0981481 0.903809 
0 0.320052 0.615625 0.0264323 0.0960648 0.904785 
0 0.409245 0.844213 0.0257812 0.100463 0.907227 
0 0.46901 0.509259 0.0523438 0.0537037 0.910645 
1 0.644401 0.698611 0.0518229 0.0532407 0.911621 
1 0.345964 0.318519 0.0546875 0.0449074 0.913574 
1 0.599414 0.138426 0.0518229 0.0472222 0.914062 
1 0.378613 0.46331 0.0432943 0.0733796 0.916504 
0 0.532186 0.556481 0.0339355 0.0722222 0.916504 
0 0.373535 0.839583 0.0477214 0.0472222 0.916992 
0 0.494792 0.759722 0.0354167 0.101852 0.919922 
0 0.648958 0.290278 0.0401042 0.0884259 0.922363 
0 0.316162 0.228935 0.0418945 0.0851852 0.923828 
0 0.600326 0.460026 0.0540365 0.0551794 0.924805 
0 0.401042 0.647512 0.0486979 0.0582176 0.924805 
1 0.276961 0.532986 0.0441243 0.062037 0.925781 
1 0.475781 0.246991 0.0252604 0.0967593 0.928223 
0 0.507096 0.161574 0.0477865 0.0731481 0.928223 
1 0.704948 0.584491 0.0486979 0.0425926 0.928711 
0 0.633984 0.391898 0.0351562 0.0898148 0.929688 
0 0.502083 0.687037 0.0588542 0.0481481 0.929688 
0 0.401823 0.543981 0.053125 0.0537037 0.930176 
0 0.570378 0.659491 0.0532552 0.0777778 0.930664 
0 0.683455 0.639294 0.0330892 0.0825231 0.931641 
0 0.532227 0.374769 0.0334635 0.0939815 0.933105 
0 0.547713 0.224074 0.0326986 0.0976852 0.933594 
0 0.671094 0.4534 0.0338542 0.0878762 0.933594 
0 0.340365 0.7375 0.0334635 0.0787037 0.934082 
0 0.543481 0.472106 0.0539225 0.0741898 0.941406 
0 0.592773 0.537066 0.0589844 0.0536458 0.959961 
