0 0.630924 0.236748 0.021224 0.103819 0.691895 
0 0.507227 0.215046 0.0220052 0.100926 0.725586 
1 0.495182 0.454065 0.0205729 0.0930266 0.834473 
0 0.661979 0.296528 0.0291667 0.123611 0.835449 
0 0.486458 0.103125 0.059375 0.0456019 0.844238 
1 0.524479 0.217708 0.0197917 0.0997685 0.856934 
1 0.549479 0.164352 0.0515625 0.0780093 0.863281 
0 0.396354 0.621296 0.0567708 0.0736111 0.865234 
1 0.606836 0.127778 0.0542969 0.0516204 0.869629 
1 0.560579 0.889468 0.0302734 0.104398 0.87207 
0 0.49668 0.139931 0.0582031 0.0506944 0.873535 
0 0.490365 0.562384 0.0320312 0.116435 0.889648 
0 0.543791 0.11441 0.0615072 0.0667824 0.894043 
0 0.5 0.313426 0.0263021 0.1 0.89502 
1 0.615039 0.284201 0.0282552 0.107523 0.896973 
1 0.677368 0.382176 0.0217285 0.108333 0.898926 
0 0.552083 0.260185 0.0563802 0.0898148 0.906738 
0 0.714844 0.334028 0.0276042 0.0884259 0.909668 
1 0.689323 0.478863 0.0541667 0.0600984 0.92627 
