0 0.634115 0.739815 0.0359375 0.0472222 0.521484 
1 0.393099 0.324769 0.0179687 0.0708333 0.539551 
1 0.375456 0.334491 0.024349 0.0712963 0.551758 
1 0.638281 0.689583 0.0177083 0.0699074 0.587402 
0 0.628809 0.34213 0.0335286 0.0601852 0.618652 
1 0.345508 0.553704 0.0195312 0.0706019 0.666504 
1 0.366048 0.477778 0.0371745 0.0424769 0.688477 
0 0.364974 0.768981 0.0290365 0.0611111 0.782227 
0 0.497656 0.221528 0.0416667 0.0481481 0.786621 
0 0.469661 0.393519 0.0289063 0.0592593 0.798828 
1 0.547656 0.355556 0.0182292 0.0717593 0.802246 
0 0.470964 0.52037 0.0200521 0.0731481 0.810547 
1 0.438802 0.684259 0.0294271 0.0648148 0.816406 
0 0.355273 0.741898 0.0317708 0.0560185 0.816406 
1 0.435417 0.365509 0.0372396 0.0337963 0.827148 
1 0.460807 0.705324 0.01875 0.075 0.836914 
1 0.382812 0.397685 0.0192708 0.0666667 0.837402 
0 0.527869 0.595139 0.0254476 0.0800926 0.843262 
1 0.424479 0.834491 0.0447917 0.0333333 0.847168 
0 0.475 0.468287 0.0179687 0.0828704 0.851074 
1 0.534253 0.187384 0.0428223 0.0384259 0.856934 
1 0.414583 0.726852 0.0190104 0.0833333 0.867676 
0 0.346094 0.50463 0.0411458 0.0333333 0.869629 
0 0.488802 0.360417 0.0354167 0.0412037 0.875977 
0 0.447396 0.294907 0.04375 0.0310185 0.876953 
0 0.492578 0.418981 0.0184896 0.0796296 0.87793 
1 0.607552 0.643576 0.0161458 0.0721065 0.878418 
0 0.392188 0.61169 0.0393229 0.0560185 0.882812 
0 0.481641 0.312269 0.0208333 0.0694444 0.885742 
1 0.51936 0.747917 0.037972 0.0287037 0.886719 
0 0.686198 0.501591 0.0174479 0.0745949 0.887695 
1 0.411328 0.547222 0.0364583 0.0472222 0.88916 
1 0.5271 0.374769 0.0261393 0.0638889 0.890137 
1 0.465365 0.810648 0.0190104 0.0675926 0.89209 
0 0.449219 0.620833 0.0351562 0.0666667 0.893555 
0 0.451823 0.5125 0.0260417 0.0694444 0.895508 
1 0.60612 0.69375 0.0373698 0.0365741 0.897949 
1 0.397266 0.244618 0.0322917 0.0533565 0.897949 
1 0.477474 0.571875 0.0398437 0.0300926 0.897949 
1 0.566927 0.448524 0.0317708 0.0395255 0.902832 
1 0.65599 0.49498 0.0223958 0.0771701 0.904297 
0 0.530208 0.678009 0.019987 0.0787037 0.907227 
1 0.53776 0.426751 0.0411458 0.0364873 0.912109 
1 0.550521 0.735648 0.0338542 0.0356481 0.912598 
1 0.506771 0.798611 0.0338542 0.0402778 0.91748 
