0 0.585677 0.204514 0.033724 0.0627315 0.452881 
1 0.492839 0.458174 0.0278646 0.0769387 0.617676 
1 0.40625 0.532407 0.0380208 0.0592593 0.661621 
1 0.35931 0.711111 0.0231771 0.0777778 0.662109 
1 0.560319 0.440075 0.0225911 0.0645255 0.691895 
1 0.482682 0.176042 0.0226562 0.0740741 0.72168 
1 0.505534 0.404167 0.0378906 0.0555556 0.726074 
0 0.616341 0.350694 0.0229167 0.0782407 0.748047 
1 0.645573 0.23941 0.0369792 0.0545139 0.748047 
0 0.491667 0.61603 0.0242188 0.0818287 0.755859 
0 0.586458 0.264641 0.028776 0.0702546 0.758789 
1 0.511263 0.607581 0.0248698 0.0755787 0.758789 
0 0.50026 0.245891 0.03125 0.066088 0.766113 
1 0.587435 0.44571 0.0352865 0.052445 0.773438 
1 0.501563 0.371759 0.034375 0.062963 0.774902 
1 0.451302 0.244213 0.0255208 0.0611111 0.776367 
1 0.567969 0.809491 0.0371094 0.0416667 0.77832 
1 0.547656 0.462731 0.0234375 0.0784722 0.78125 
0 0.615137 0.768519 0.0413411 0.0393519 0.788574 
0 0.37181 0.368287 0.0352865 0.0884259 0.796387 
1 0.589909 0.364352 0.0371094 0.0416667 0.807129 
1 0.614128 0.404398 0.0233073 0.0689815 0.811035 
1 0.647135 0.418287 0.0351562 0.0560185 0.814941 
1 0.432943 0.314352 0.0419271 0.062037 0.81543 
1 0.479297 0.785648 0.0239583 0.0759259 0.819336 
1 0.460286 0.483796 0.0195312 0.0851852 0.820312 
1 0.65638 0.592824 0.0278646 0.0740741 0.835938 
0 0.347461 0.56169 0.0446615 0.0652778 0.839844 
1 0.607096 0.460243 0.0351562 0.0493056 0.840332 
0 0.341471 0.653299 0.0347656 0.0461806 0.841309 
1 0.530656 0.174421 0.0320475 0.0673611 0.841797 
0 0.532943 0.228009 0.0301432 0.0671296 0.848145 
0 0.479036 0.482407 0.0291667 0.0851852 0.850098 
1 0.51001 0.709491 0.0198893 0.074537 0.850098 
0 0.516874 0.494792 0.023348 0.081713 0.850098 
0 0.632812 0.535648 0.0255208 0.0782407 0.85498 
1 0.53571 0.317824 0.0363281 0.0634259 0.859375 
0 0.460417 0.40625 0.0289063 0.0791667 0.86377 
0 0.607357 0.511574 0.0384115 0.0453704 0.865723 
0 0.440885 0.450463 0.0309896 0.0796296 0.866699 
0 0.56582 0.495255 0.0253906 0.0641204 0.870117 
0 0.551042 0.549769 0.0380208 0.0548611 0.872559 
1 0.678642 0.488773 0.0234456 0.0609954 0.874512 
