1 0.527018 0.0982639 0.0532552 0.0365741 0.79834 
1 0.368424 0.272454 0.0527344 0.0310185 0.86084 
0 0.42526 0.575 0.0330729 0.0893519 0.861816 
1 0.372656 0.244387 0.0481771 0.0403935 0.876953 
0 0.596745 0.55136 0.0320312 0.100521 0.886719 
0 0.616732 0.578935 0.0207031 0.0907407 0.89209 
0 0.581641 0.865972 0.0286458 0.0865741 0.89502 
0 0.392708 0.194097 0.0380208 0.0847222 0.896973 
0 0.431641 0.315741 0.0346354 0.0981481 0.897949 
0 0.6375 0.587963 0.0302083 0.0729167 0.90625 
0 0.482161 0.687963 0.0265625 0.0902778 0.90918 
0 0.632812 0.141088 0.046875 0.0449074 0.913574 
0 0.426302 0.683102 0.0304687 0.100926 0.915527 
0 0.520581 0.427083 0.0355306 0.110648 0.918945 
0 0.496419 0.886111 0.0472656 0.0509259 0.919434 
0 0.502604 0.158912 0.0317708 0.0872685 0.921387 
0 0.480599 0.488411 0.0333333 0.092853 0.922852 
0 0.517708 0.664294 0.0369792 0.0908565 0.923828 
0 0.481771 0.785185 0.0518229 0.0740741 0.925781 
0 0.716056 0.378472 0.0340332 0.074537 0.925781 
0 0.698047 0.229456 0.0414062 0.0702546 0.92627 
0 0.588493 0.114583 0.0516602 0.043287 0.926758 
0 0.687915 0.767824 0.0384928 0.062037 0.929199 
0 0.655859 0.664178 0.0296875 0.0855324 0.929688 
0 0.620768 0.180093 0.0467448 0.0486111 0.931641 
0 0.643522 0.308102 0.0358724 0.0893519 0.932129 
0 0.610677 0.72662 0.0407552 0.075 0.932617 
0 0.451953 0.452836 0.0557292 0.050463 0.934082 
1 0.397396 0.614699 0.0507812 0.0497685 0.935547 
0 0.558333 0.715278 0.046875 0.0861111 0.935547 
0 0.388574 0.53724 0.0457682 0.0648727 0.936035 
0 0.691341 0.506481 0.0453125 0.0675926 0.938477 
0 0.466927 0.86088 0.0398437 0.0791667 0.938965 
0 0.580534 0.238889 0.0273438 0.100463 0.939453 
0 0.609733 0.775 0.0498047 0.0611111 0.94043 
0 0.664062 0.554282 0.0526042 0.0655093 0.94043 
0 0.564111 0.788889 0.0418294 0.0634259 0.94043 
0 0.727344 0.432038 0.0476562 0.0490017 0.942383 
0 0.723641 0.596412 0.050765 0.0523148 0.950684 
