1 0.582617 0.0941551 0.0628906 0.0384259 0.472412 
0 0.478385 0.251331 0.065625 0.0519676 0.712891 
0 0.438151 0.884259 0.0536458 0.0685185 0.727539 
0 0.455339 0.208796 0.0658854 0.0405093 0.728516 
1 0.486719 0.125463 0.0609375 0.0428241 0.736328 
1 0.441146 0.842593 0.0627604 0.0430556 0.755371 
0 0.402474 0.187905 0.0278646 0.102431 0.756348 
1 0.45625 0.0913773 0.0682292 0.0342593 0.76123 
1 0.478646 0.0639468 0.0609375 0.0350694 0.782227 
1 0.470703 0.17963 0.0684896 0.0381944 0.791504 
1 0.391536 0.877083 0.0463542 0.075463 0.835938 
1 0.517643 0.113686 0.0428385 0.0823495 0.853516 
1 0.690894 0.693056 0.048291 0.0351852 0.881348 
1 0.320752 0.395139 0.0548503 0.0509259 0.885742 
1 0.373437 0.27037 0.0617188 0.0384259 0.88916 
1 0.550724 0.582986 0.0406087 0.103935 0.88916 
1 0.697087 0.662269 0.0576497 0.0393519 0.889648 
1 0.53125 0.183449 0.0510417 0.0858796 0.896484 
1 0.734831 0.554167 0.0460938 0.0648148 0.901855 
1 0.680851 0.474783 0.0234212 0.104601 0.901855 
1 0.467708 0.299074 0.0611979 0.0509259 0.907227 
1 0.56276 0.718981 0.0354167 0.112963 0.907227 
1 0.380697 0.211111 0.026888 0.0925926 0.911133 
1 0.362891 0.141319 0.0544271 0.0717593 0.913086 
1 0.651563 0.557176 0.0588542 0.0564815 0.920898 
1 0.531787 0.522222 0.0618164 0.0435185 0.921387 
1 0.577734 0.637847 0.05 0.0946759 0.925293 
