1 0.587956 0.25978 0.0421875 0.0711806 0.677246 
0 0.467057 0.572685 0.0606771 0.0398148 0.693359 
0 0.58431 0.370833 0.0257812 0.100463 0.722656 
0 0.58431 0.300694 0.0390625 0.0638889 0.76123 
1 0.657682 0.695602 0.0229167 0.0865741 0.788086 
0 0.608008 0.686111 0.0486979 0.0949074 0.832031 
0 0.465625 0.599537 0.0619792 0.0893519 0.843262 
1 0.505339 0.835417 0.0580729 0.0402778 0.849609 
0 0.576286 0.846991 0.0213867 0.0875 0.860352 
0 0.611068 0.294907 0.0226562 0.106019 0.864746 
0 0.559212 0.318519 0.0229818 0.0925926 0.877441 
1 0.488932 0.375926 0.0658854 0.0421296 0.878418 
0 0.626172 0.198958 0.0341146 0.0821759 0.880859 
0 0.372135 0.653067 0.0434896 0.0600694 0.893555 
1 0.630078 0.729861 0.0338542 0.0888889 0.893555 
0 0.693066 0.54213 0.0527344 0.0537037 0.894043 
1 0.437109 0.2875 0.0614583 0.0407407 0.894531 
1 0.600195 0.576157 0.0207031 0.108796 0.894531 
0 0.46224 0.695602 0.0369792 0.0898148 0.894531 
1 0.496159 0.30625 0.0571615 0.0550926 0.896484 
1 0.540202 0.74537 0.0363932 0.0907407 0.899414 
