1 0.473047 0.837037 0.034375 0.0782407 0.647949 
0 0.473307 0.117853 0.0632812 0.0432292 0.691895 
1 0.623177 0.747222 0.0523438 0.0564815 0.695312 
1 0.39987 0.715046 0.0591146 0.0439815 0.703125 
1 0.441536 0.883796 0.0523438 0.0351852 0.796875 
1 0.655729 0.421589 0.0411458 0.0292173 0.811035 
1 0.485938 0.89213 0.0580729 0.037963 0.817383 
1 0.525098 0.122569 0.050651 0.05 0.842773 
1 0.446875 0.148727 0.0697917 0.043287 0.856934 
1 0.524748 0.378241 0.0441243 0.106481 0.874023 
1 0.395736 0.850694 0.0486328 0.049537 0.876953 
0 0.617578 0.291204 0.0494792 0.0717593 0.883301 
1 0.332487 0.702778 0.0520833 0.0421296 0.883789 
1 0.491016 0.311343 0.0257812 0.108796 0.912109 
1 0.514518 0.65978 0.0641927 0.041088 0.915039 
1 0.485547 0.723843 0.0554687 0.0555556 0.922363 
1 0.602995 0.839815 0.0352865 0.0833333 0.929199 
0 0.559635 0.443056 0.0276042 0.0707176 0.929688 
1 0.415495 0.410417 0.0260417 0.109259 0.932617 
0 0.368848 0.49456 0.0503255 0.0793981 0.933594 
1 0.640104 0.707639 0.0513021 0.0467593 0.934082 
1 0.328125 0.655556 0.0497396 0.0550926 0.93457 
1 0.360091 0.668576 0.0244792 0.104514 0.936035 
1 0.65599 0.396759 0.0427083 0.0782407 0.936523 
1 0.49362 0.601505 0.0359375 0.100231 0.939453 
1 0.704427 0.429051 0.0411458 0.0918981 0.939941 
1 0.626986 0.590741 0.026237 0.116204 0.939941 
1 0.461328 0.536111 0.0627604 0.0564815 0.941406 
1 0.710905 0.520833 0.0248698 0.103704 0.941406 
1 0.357292 0.792361 0.0322917 0.0884259 0.941406 
1 0.360156 0.571094 0.0378906 0.0916088 0.942383 
1 0.681376 0.559809 0.0239665 0.105382 0.943359 
1 0.555859 0.616667 0.0397135 0.0865741 0.945312 
1 0.407031 0.586574 0.0578125 0.0627315 0.945801 
1 0.461719 0.445949 0.0557292 0.0645833 0.945801 
1 0.394531 0.818981 0.0484375 0.0657407 0.950195 
1 0.345898 0.224884 0.0501302 0.0780093 0.953125 
