0 0.63916 0.159954 0.0222005 0.0840278 0.608398 
0 0.447396 0.351157 0.0484375 0.0662037 0.635742 
1 0.601432 0.397685 0.0484375 0.0425926 0.662109 
0 0.622363 0.106771 0.0443359 0.0431713 0.705566 
0 0.642188 0.295833 0.0309896 0.0861111 0.737305 
1 0.591927 0.0770255 0.0432292 0.037037 0.743652 
1 0.729427 0.659491 0.0432292 0.0476852 0.763672 
1 0.523958 0.568056 0.0515625 0.05 0.763672 
1 0.674349 0.19375 0.0369792 0.0618056 0.771973 
0 0.404297 0.211863 0.0252604 0.0873843 0.772461 
1 0.377572 0.159954 0.039388 0.0574074 0.777344 
1 0.582422 0.113773 0.0470052 0.0347222 0.777344 
0 0.603581 0.523148 0.055599 0.0490741 0.794922 
1 0.593099 0.143519 0.0479167 0.0368056 0.79541 
1 0.408984 0.856481 0.0492187 0.0537037 0.80127 
1 0.736328 0.610185 0.0427083 0.0537037 0.808105 
1 0.548405 0.886111 0.0316406 0.0796296 0.810547 
1 0.505794 0.700926 0.0545573 0.0537037 0.812012 
1 0.467318 0.0857639 0.0442708 0.0542824 0.8125 
1 0.658984 0.135156 0.0377604 0.0616319 0.813477 
1 0.538281 0.111082 0.0317708 0.0722801 0.813477 
1 0.68254 0.229745 0.0307536 0.068287 0.817383 
1 0.508659 0.0746528 0.0472656 0.0527778 0.818359 
1 0.460677 0.541667 0.0507812 0.0666667 0.822266 
1 0.676969 0.815509 0.0211263 0.0847222 0.822266 
1 0.471484 0.900579 0.0434896 0.0460648 0.826172 
1 0.599674 0.201968 0.0352865 0.0664352 0.827637 
1 0.720573 0.242824 0.0320312 0.075463 0.82959 
0 0.366504 0.452546 0.0440755 0.0717593 0.830566 
0 0.511214 0.825463 0.0216146 0.0865741 0.831055 
1 0.705339 0.525926 0.0476562 0.0483796 0.832031 
0 0.51532 0.15 0.0246989 0.0849537 0.833496 
1 0.566862 0.0793837 0.0450521 0.0525752 0.836914 
1 0.429818 0.368056 0.0382813 0.075463 0.842285 
1 0.53759 0.297685 0.034847 0.0791667 0.848633 
1 0.53776 0.156481 0.033724 0.0731481 0.849121 
1 0.588802 0.741435 0.0518229 0.0481481 0.850586 
1 0.595703 0.831481 0.0464844 0.0537037 0.852051 
1 0.472656 0.204398 0.0231771 0.0884259 0.852539 
1 0.479297 0.852778 0.0427083 0.0541667 0.860352 
