1 0.710286 0.577315 0.0390625 0.0305556 0.474121 
0 0.561458 0.821065 0.0265625 0.0861111 0.572266 
0 0.502799 0.192708 0.0496094 0.0733796 0.656738 
1 0.646615 0.621875 0.0539063 0.06875 0.679199 
0 0.385059 0.644039 0.0652995 0.065625 0.709961 
1 0.531396 0.193981 0.0372721 0.0706019 0.73877 
1 0.593229 0.800926 0.0520833 0.0444444 0.752441 
0 0.458854 0.498148 0.0348958 0.121296 0.782715 
0 0.634245 0.234722 0.0497396 0.0611111 0.796875 
0 0.654557 0.337269 0.0440104 0.0888889 0.820801 
1 0.602995 0.24647 0.0238281 0.101505 0.826172 
0 0.613477 0.356944 0.0388021 0.111111 0.84668 
1 0.655436 0.529745 0.0474609 0.0662037 0.848633 
0 0.562061 0.74537 0.0623372 0.0736111 0.850586 
1 0.509245 0.244444 0.0617188 0.0398148 0.852539 
1 0.641374 0.809722 0.0305339 0.0912037 0.853516 
1 0.380176 0.461791 0.0375651 0.10026 0.854492 
1 0.6875 0.531597 0.0291667 0.0972222 0.858887 
0 0.426432 0.762731 0.0611979 0.0717593 0.861816 
1 0.392155 0.533912 0.0479818 0.0979167 0.861816 
0 0.687866 0.43206 0.039502 0.111806 0.862793 
1 0.709635 0.604977 0.0419271 0.0877315 0.865234 
1 0.654687 0.654225 0.0539063 0.0684028 0.871582 
0 0.527214 0.826389 0.0544271 0.0625 0.876953 
0 0.522135 0.287037 0.0510417 0.0657407 0.877441 
1 0.547656 0.0916522 0.0494792 0.0657697 0.878906 
0 0.614779 0.46794 0.0402344 0.100231 0.883301 
0 0.56276 0.228819 0.0411458 0.0956019 0.886719 
0 0.547135 0.139699 0.0604167 0.0465278 0.890137 
0 0.614779 0.596412 0.0498698 0.075463 0.902832 
