0 0.430729 0.835185 0.0325521 0.0527778 0.455078 
0 0.441276 0.81412 0.0411458 0.0462963 0.543457 
1 0.606641 0.707176 0.0240885 0.0680556 0.652832 
0 0.301367 0.687963 0.0263021 0.0685185 0.669922 
1 0.426823 0.595255 0.0401042 0.0543981 0.770996 
1 0.571224 0.728935 0.0419271 0.0300926 0.787109 
1 0.478906 0.882407 0.0421875 0.0388889 0.792969 
0 0.550146 0.613426 0.0442383 0.0412037 0.807617 
0 0.623372 0.547685 0.0178385 0.074537 0.81543 
1 0.277604 0.628414 0.0380208 0.0422454 0.817383 
0 0.433594 0.392593 0.0367188 0.0703704 0.820801 
1 0.608008 0.423148 0.0169271 0.0689815 0.837891 
0 0.370345 0.753241 0.0429036 0.0314815 0.844238 
0 0.56084 0.65463 0.0367839 0.0560185 0.853027 
0 0.489583 0.48287 0.0273438 0.0888889 0.856445 
1 0.317985 0.623553 0.0421549 0.0422454 0.861328 
1 0.511849 0.666435 0.0492187 0.0402778 0.861816 
0 0.358464 0.684954 0.0190104 0.0805556 0.862793 
0 0.327214 0.498611 0.0321615 0.0657407 0.865723 
0 0.602344 0.553241 0.0339844 0.0530093 0.866211 
0 0.607878 0.656771 0.0242188 0.0753472 0.866211 
0 0.28195 0.677778 0.0202148 0.0763889 0.867676 
1 0.296623 0.564815 0.0402181 0.0546296 0.868652 
1 0.476562 0.735417 0.0450521 0.0407407 0.869629 
1 0.386719 0.545833 0.0171875 0.0851852 0.869629 
0 0.324951 0.329167 0.0236654 0.0722222 0.870605 
1 0.520785 0.399306 0.0408529 0.0546296 0.871094 
0 0.374512 0.47037 0.0249349 0.0851852 0.872559 
0 0.464714 0.542824 0.0289063 0.0740741 0.873535 
0 0.311979 0.245081 0.0416667 0.0353009 0.877441 
0 0.34974 0.501997 0.0371094 0.0649884 0.87793 
0 0.26571 0.40787 0.0314697 0.0615741 0.878906 
1 0.5238 0.843981 0.0325439 0.0601852 0.879395 
0 0.321484 0.740509 0.0380208 0.0388889 0.880371 
1 0.313525 0.427315 0.0247721 0.0763889 0.883301 
0 0.568555 0.550231 0.0467448 0.0469907 0.884277 
0 0.565365 0.458811 0.0338542 0.063397 0.884766 
0 0.414453 0.719213 0.0486979 0.0305556 0.885742 
0 0.37985 0.694444 0.0257161 0.0708333 0.88623 
1 0.569857 0.69838 0.0450521 0.0319444 0.88623 
0 0.409115 0.514352 0.0403646 0.0675926 0.887207 
0 0.528841 0.328704 0.047526 0.0416667 0.888184 
1 0.272156 0.728009 0.0280843 0.0708333 0.888184 
0 0.419401 0.656424 0.0315104 0.072338 0.894531 
1 0.468229 0.6 0.0455729 0.037963 0.896484 
0 0.351432 0.310417 0.0447917 0.0416667 0.897461 
0 0.339323 0.815741 0.0326823 0.0578704 0.900391 
0 0.315625 0.276852 0.0364583 0.0356481 0.90332 
0 0.366406 0.592708 0.0338542 0.0685185 0.904785 
0 0.434505 0.232755 0.0302083 0.0710648 0.906738 
0 0.410938 0.190046 0.0429688 0.0460648 0.912598 
