0 0.51897 0.576389 0.0365397 0.0324074 0.578613 
0 0.383854 0.789815 0.0580729 0.0462963 0.756836 
0 0.439323 0.761574 0.0335937 0.0851852 0.813477 
1 0.567122 0.707176 0.0519531 0.0407407 0.813965 
0 0.497786 0.619329 0.0617188 0.0361111 0.887207 
0 0.47474 0.38588 0.0614583 0.0509259 0.891602 
0 0.720475 0.391204 0.0380859 0.062037 0.893066 
0 0.398438 0.67037 0.0325521 0.106019 0.895996 
0 0.397266 0.495718 0.0354167 0.110417 0.907227 
0 0.484896 0.254803 0.0604167 0.0612269 0.914062 
0 0.511003 0.588542 0.0571615 0.0520833 0.91748 
0 0.548739 0.159722 0.0397624 0.0856481 0.919434 
0 0.547917 0.43912 0.0609375 0.0574074 0.921387 
0 0.626074 0.320139 0.0587891 0.0587963 0.922363 
0 0.580599 0.352315 0.0273438 0.110648 0.922363 
0 0.724186 0.522772 0.0472005 0.0542245 0.922363 
0 0.521517 0.369444 0.0429688 0.0657407 0.92627 
0 0.383724 0.366204 0.0643229 0.0657407 0.92627 
0 0.638574 0.788657 0.0361328 0.0787037 0.928711 
0 0.470313 0.65787 0.0552083 0.0518519 0.929199 
0 0.663802 0.718519 0.0265625 0.0976852 0.929199 
0 0.559049 0.567824 0.0303385 0.10162 0.929688 
0 0.485807 0.431019 0.0575521 0.062963 0.931152 
0 0.368359 0.241204 0.0395833 0.102778 0.933105 
0 0.373698 0.603356 0.059375 0.0527778 0.933105 
0 0.630208 0.473611 0.0408854 0.0925926 0.935059 
0 0.544108 0.836806 0.0408854 0.0939815 0.936523 
0 0.59388 0.869329 0.0481771 0.0696759 0.9375 
0 0.644889 0.584838 0.0490234 0.0766204 0.937988 
0 0.490755 0.825926 0.0554687 0.0615741 0.939453 
0 0.485026 0.523148 0.0476562 0.0759259 0.947266 
