1 0.459635 0.797917 0.0447917 0.0416667 0.47583 
1 0.377637 0.787963 0.0413411 0.0458333 0.525879 
1 0.380664 0.808565 0.0397135 0.0523148 0.532715 
0 0.454948 0.774537 0.046875 0.0356481 0.643066 
0 0.417057 0.753704 0.0442708 0.0287037 0.686035 
1 0.435677 0.489468 0.0479167 0.0284722 0.69043 
1 0.348698 0.77037 0.021224 0.0791667 0.746094 
0 0.242969 0.429398 0.0278646 0.0689815 0.771973 
0 0.358789 0.705093 0.0433594 0.0453704 0.774414 
0 0.576432 0.394444 0.0201823 0.0916667 0.800293 
0 0.374805 0.763889 0.0433594 0.0421296 0.806641 
0 0.552083 0.428935 0.0348958 0.0731481 0.817871 
1 0.362077 0.320139 0.0435547 0.0337963 0.822754 
1 0.554948 0.641146 0.0239583 0.0774306 0.82666 
0 0.42513 0.801157 0.0453125 0.037963 0.828613 
1 0.30599 0.312037 0.0458333 0.0453704 0.836914 
0 0.439583 0.826389 0.04375 0.0356481 0.839844 
0 0.36224 0.683796 0.0424479 0.0490741 0.843262 
1 0.235547 0.563657 0.0208333 0.0759259 0.847656 
1 0.529297 0.749074 0.0371094 0.0648148 0.851074 
0 0.373796 0.83125 0.0313151 0.062963 0.854004 
0 0.250391 0.62338 0.0414062 0.0388889 0.855469 
1 0.345833 0.373611 0.0221354 0.0842593 0.85791 
0 0.323958 0.688657 0.01875 0.087963 0.858398 
0 0.520378 0.709722 0.0488281 0.0342593 0.860352 
0 0.403255 0.470023 0.0494792 0.0377315 0.862305 
0 0.254102 0.649306 0.0397135 0.0300926 0.866699 
0 0.565104 0.702315 0.0182292 0.0888889 0.868164 
0 0.248568 0.451389 0.0294271 0.0722222 0.868652 
0 0.422656 0.442824 0.0489583 0.0347222 0.872559 
0 0.48776 0.6261 0.0320312 0.0820602 0.874023 
0 0.395085 0.865741 0.0350911 0.0555556 0.876953 
0 0.458984 0.65625 0.0307292 0.0819444 0.878418 
0 0.405208 0.406019 0.0341146 0.0736111 0.881348 
0 0.375456 0.262269 0.0371094 0.0814815 0.883301 
0 0.434896 0.303472 0.0471354 0.0402778 0.885742 
0 0.278125 0.485764 0.0447917 0.0386574 0.887207 
0 0.396094 0.505324 0.0466146 0.0365741 0.88916 
0 0.358529 0.41713 0.0266927 0.0837963 0.889648 
0 0.376107 0.591435 0.0394531 0.0701389 0.891113 
0 0.569352 0.59838 0.0415039 0.0659722 0.891602 
0 0.46276 0.46059 0.0502604 0.0380787 0.892578 
0 0.527604 0.429398 0.0395833 0.0703704 0.893555 
0 0.526302 0.513079 0.0239583 0.0918981 0.895996 
0 0.487891 0.758102 0.0424479 0.0462963 0.901855 
0 0.264258 0.600231 0.038151 0.0581019 0.902344 
0 0.515186 0.56875 0.0309245 0.0828704 0.902344 
0 0.527083 0.658507 0.0338542 0.0783565 0.90332 
0 0.444401 0.875463 0.0476562 0.0472222 0.905762 
0 0.468229 0.42968 0.0479167 0.0441117 0.90625 
0 0.371224 0.647743 0.0403646 0.0619213 0.906738 
0 0.383724 0.553704 0.0447917 0.0527778 0.908691 
0 0.518229 0.367824 0.0473958 0.0537037 0.910156 
0 0.364844 0.501186 0.0292969 0.0693866 0.911621 
0 0.451042 0.350926 0.0518229 0.0481481 0.912598 
0 0.428776 0.56412 0.0377604 0.0678241 0.914062 
