0 0.460417 0.46956 0.0338542 0.0793981 0.450195 
1 0.486719 0.107523 0.0421875 0.0356481 0.51416 
1 0.432161 0.441088 0.0346354 0.0798611 0.638184 
1 0.355469 0.493056 0.0398437 0.0675926 0.658203 
1 0.339062 0.488238 0.0352865 0.051765 0.726074 
1 0.482292 0.429861 0.0356771 0.075463 0.733887 
1 0.401432 0.507986 0.0348958 0.0585648 0.743164 
0 0.480729 0.60706 0.0372396 0.069213 0.756348 
1 0.318473 0.468678 0.0211263 0.0890336 0.756836 
0 0.363802 0.429398 0.0393229 0.0708333 0.771484 
1 0.451042 0.449537 0.0338542 0.0768519 0.791016 
0 0.320052 0.354861 0.0470052 0.0291667 0.79248 
0 0.479167 0.47963 0.0533854 0.0425926 0.796387 
1 0.369922 0.598264 0.0427083 0.055787 0.797363 
1 0.331201 0.145949 0.0388997 0.0449074 0.802246 
0 0.49349 0.629803 0.0479167 0.046875 0.803223 
0 0.541146 0.584259 0.0419271 0.0634259 0.807129 
1 0.53125 0.564352 0.0395833 0.0625 0.811035 
1 0.457813 0.606944 0.0375 0.0648148 0.822266 
0 0.520898 0.239525 0.046224 0.0454861 0.822754 
1 0.408203 0.4625 0.0322917 0.0722222 0.823242 
0 0.308301 0.745833 0.0266276 0.0722222 0.825684 
0 0.401042 0.748611 0.0528646 0.0435185 0.828613 
0 0.513932 0.547685 0.0434896 0.0657407 0.839355 
0 0.300065 0.669444 0.0453125 0.0476852 0.839844 
0 0.560156 0.295602 0.0458333 0.0453704 0.842773 
0 0.473568 0.56088 0.0466146 0.0439815 0.842773 
1 0.329102 0.330787 0.0489583 0.0300926 0.848633 
0 0.463281 0.318056 0.0494792 0.0606481 0.851074 
0 0.411198 0.681655 0.0302083 0.0788194 0.855957 
0 0.429167 0.595833 0.0408854 0.0655093 0.856445 
1 0.35651 0.586458 0.03125 0.06875 0.85791 
1 0.399251 0.651447 0.0431641 0.0332176 0.859863 
0 0.490365 0.161343 0.0216146 0.0796296 0.86084 
0 0.341341 0.573032 0.025651 0.0854167 0.862305 
0 0.56224 0.34375 0.0416667 0.0722222 0.862793 
0 0.322021 0.749537 0.0236654 0.0773148 0.86377 
0 0.371159 0.506481 0.043099 0.0474537 0.864746 
1 0.355339 0.140422 0.0453125 0.0520255 0.866699 
1 0.401953 0.359028 0.0174479 0.0925926 0.869141 
1 0.224219 0.525463 0.0169271 0.0759259 0.87207 
1 0.519499 0.476852 0.0393229 0.0564815 0.876465 
0 0.317692 0.584375 0.0207357 0.0935185 0.877441 
1 0.274923 0.395833 0.0174723 0.0759259 0.879883 
0 0.266406 0.653935 0.0354167 0.0606481 0.882324 
0 0.49694 0.206829 0.0415365 0.06875 0.883789 
0 0.361165 0.7875 0.0485026 0.0444444 0.884277 
1 0.381478 0.378472 0.0344401 0.0726852 0.885742 
0 0.517993 0.513773 0.0368001 0.062963 0.885742 
1 0.452344 0.708796 0.0348958 0.0814815 0.88623 
0 0.560091 0.498785 0.0520833 0.0428241 0.888184 
0 0.455859 0.225174 0.0416667 0.0728009 0.89209 
1 0.364648 0.379861 0.0266927 0.0842593 0.893555 
0 0.278817 0.572685 0.0431478 0.0351852 0.898926 
1 0.285978 0.419907 0.0199707 0.0925926 0.904297 
1 0.386849 0.319213 0.0455729 0.05 0.907715 
1 0.350521 0.664525 0.0325521 0.0728009 0.908203 
0 0.40599 0.240972 0.0484375 0.0611111 0.908203 
1 0.518034 0.375463 0.0514323 0.050463 0.910645 
0 0.592318 0.553241 0.0458333 0.0611111 0.925293 
1 0.263652 0.327315 0.0211344 0.0828704 0.936035 
