0 0.571615 0.451577 0.0234375 0.0653646 0.486328 
0 0.398307 0.464366 0.028125 0.111777 0.57959 
1 0.354883 0.198495 0.0579427 0.0453704 0.72998 
1 0.529907 0.500463 0.0602376 0.0685185 0.802734 
1 0.503385 0.141088 0.0651042 0.0393519 0.806641 
0 0.609375 0.687963 0.0549479 0.050463 0.807129 
1 0.33737 0.52474 0.0579427 0.0514468 0.812988 
1 0.55105 0.584259 0.038916 0.0960648 0.813965 
0 0.417969 0.732639 0.0651042 0.0523148 0.814941 
0 0.495964 0.107378 0.0596354 0.041956 0.825684 
0 0.58737 0.880093 0.0539063 0.0388889 0.850586 
1 0.457682 0.10162 0.0507812 0.0726852 0.864258 
0 0.639062 0.358333 0.0398437 0.0939815 0.877441 
1 0.38776 0.794444 0.0302083 0.102778 0.885742 
1 0.402214 0.190914 0.0348958 0.0954861 0.889648 
0 0.707422 0.626273 0.0346354 0.104398 0.90332 
0 0.371875 0.26059 0.0427083 0.100116 0.907715 
0 0.529102 0.8375 0.0277344 0.101852 0.908691 
0 0.376563 0.369907 0.0570312 0.0898148 0.908691 
0 0.363802 0.455064 0.0382813 0.0939236 0.90918 
0 0.640007 0.7625 0.0645182 0.0574074 0.90918 
1 0.553027 0.840394 0.0210286 0.109954 0.912109 
0 0.612109 0.221759 0.0570312 0.0712963 0.913574 
0 0.689323 0.28287 0.0440104 0.0837963 0.914062 
0 0.447005 0.372222 0.0414062 0.118519 0.916016 
1 0.311979 0.495718 0.0427083 0.0435185 0.916504 
1 0.612305 0.581019 0.0608073 0.0585648 0.919434 
0 0.317318 0.740509 0.0526042 0.0578704 0.920898 
0 0.49349 0.338889 0.0335937 0.118519 0.922363 
0 0.434375 0.195139 0.0447917 0.108333 0.926758 
0 0.723568 0.611574 0.0270833 0.0972222 0.927246 
0 0.647917 0.4886 0.0606771 0.0510417 0.927246 
0 0.588021 0.449146 0.0572917 0.0702257 0.929688 
1 0.422135 0.674074 0.05625 0.0699074 0.930664 
0 0.501302 0.282639 0.0463542 0.0912037 0.935059 
1 0.704102 0.36412 0.0494141 0.075463 0.937012 
0 0.471354 0.783333 0.0447917 0.099537 0.9375 
0 0.554663 0.256771 0.0531738 0.0688657 0.943848 
