0 0.471484 0.422179 0.0382813 0.030353 0.723145 
1 0.491406 0.103241 0.0567708 0.04375 0.755859 
0 0.577083 0.578241 0.0589844 0.0287037 0.791016 
0 0.317448 0.430035 0.0317708 0.0456019 0.793457 
0 0.343359 0.485315 0.0233073 0.094647 0.866699 
0 0.729232 0.305787 0.0317708 0.0953704 0.866699 
0 0.385677 0.572222 0.0453125 0.0398148 0.885742 
0 0.746615 0.402083 0.0247396 0.0898148 0.891113 
0 0.305697 0.587731 0.0276693 0.0861111 0.89209 
0 0.62474 0.371065 0.0544271 0.0569444 0.895508 
0 0.715625 0.386806 0.0416667 0.0643519 0.898438 
0 0.361523 0.727546 0.0367188 0.103241 0.906738 
0 0.740511 0.458218 0.0494466 0.0456019 0.913574 
0 0.381836 0.596875 0.0457031 0.0888889 0.914551 
0 0.476042 0.485069 0.0632812 0.0659722 0.916992 
0 0.644922 0.714352 0.0411458 0.102315 0.916992 
0 0.576758 0.598611 0.0601563 0.0680556 0.918457 
0 0.322526 0.40787 0.0441406 0.0861111 0.92041 
0 0.663411 0.241667 0.0356771 0.0930556 0.920898 
0 0.646875 0.178009 0.0307292 0.0872685 0.920898 
0 0.385384 0.478762 0.0594401 0.0527778 0.921387 
0 0.472266 0.713426 0.0606771 0.0564815 0.921875 
0 0.742448 0.495718 0.0479167 0.0493056 0.92334 
0 0.481901 0.275463 0.0304687 0.102315 0.923828 
0 0.388509 0.42037 0.0641276 0.0652778 0.924316 
0 0.447786 0.277083 0.0570312 0.0541667 0.92627 
0 0.552083 0.280787 0.0609375 0.0597222 0.92627 
0 0.483594 0.767361 0.0486979 0.0652778 0.929199 
0 0.446615 0.213426 0.04375 0.0907407 0.929688 
0 0.52723 0.182523 0.0527669 0.0770833 0.930176 
0 0.592578 0.116753 0.0507812 0.0530671 0.930176 
0 0.53125 0.34838 0.0489583 0.0685185 0.930664 
0 0.342383 0.271354 0.0421875 0.0841435 0.931641 
0 0.473438 0.379398 0.0354167 0.111574 0.932617 
0 0.584049 0.360648 0.0346354 0.0953704 0.933594 
0 0.66224 0.363194 0.0286458 0.100926 0.936523 
0 0.56901 0.485764 0.0545573 0.0821759 0.9375 
0 0.413281 0.785648 0.0481771 0.0787037 0.939453 
0 0.425781 0.637211 0.0471354 0.084375 0.944336 
0 0.670833 0.51713 0.0557292 0.0805556 0.946777 
