1 0.462109 0.681887 0.0325521 0.100116 0.599609 
0 0.261654 0.573032 0.0266927 0.0886574 0.625977 
0 0.32474 0.447454 0.0171875 0.0884259 0.698242 
0 0.323958 0.520775 0.01875 0.0758102 0.725586 
1 0.440625 0.510648 0.0526042 0.0553241 0.737305 
0 0.413281 0.403704 0.0627604 0.0560185 0.804688 
1 0.614583 0.625579 0.0539063 0.0479167 0.810547 
0 0.606706 0.399769 0.058724 0.0472222 0.87793 
0 0.643783 0.243519 0.0460286 0.0796296 0.879883 
0 0.632227 0.565278 0.0441406 0.0701389 0.879883 
0 0.642318 0.403472 0.0268229 0.109722 0.884766 
1 0.363249 0.828241 0.0576172 0.0356481 0.891602 
0 0.428646 0.226389 0.0598958 0.0462963 0.895508 
0 0.354622 0.722685 0.050651 0.0518519 0.897461 
0 0.382454 0.283391 0.0314453 0.0971065 0.902832 
0 0.401823 0.287731 0.0276042 0.103704 0.903809 
1 0.621322 0.738194 0.0531901 0.0597222 0.906738 
0 0.456771 0.556019 0.0598958 0.0472222 0.911133 
0 0.476823 0.774306 0.0276042 0.100926 0.913086 
0 0.3125 0.2875 0.0276042 0.101852 0.914062 
0 0.266536 0.543981 0.0304687 0.0962963 0.916504 
0 0.54694 0.314815 0.0634115 0.049537 0.924805 
1 0.361198 0.173148 0.0473958 0.062037 0.926758 
0 0.688623 0.466204 0.0404622 0.0865741 0.928223 
0 0.539453 0.423148 0.0634115 0.0606481 0.928711 
0 0.455729 0.864352 0.0315104 0.0805556 0.931152 
0 0.560677 0.578241 0.0390625 0.103472 0.931641 
1 0.290299 0.717593 0.0345703 0.0777778 0.932129 
1 0.389193 0.517593 0.0533854 0.0574074 0.932617 
1 0.413151 0.46412 0.0533854 0.0625 0.933105 
1 0.372786 0.777778 0.0291667 0.0796296 0.934082 
0 0.310417 0.663194 0.0317708 0.0916667 0.934082 
0 0.53457 0.831019 0.050651 0.0699074 0.935059 
0 0.680859 0.659549 0.0455729 0.0748843 0.935547 
0 0.328255 0.736111 0.0434896 0.0685185 0.936523 
0 0.338151 0.449465 0.0453125 0.0874132 0.937988 
0 0.610352 0.507986 0.0378906 0.0969907 0.937988 
0 0.313314 0.522772 0.0373047 0.0961227 0.938965 
0 0.485677 0.328241 0.0398437 0.105556 0.938965 
0 0.339648 0.521296 0.0473958 0.0712963 0.941406 
0 0.387012 0.664583 0.0517578 0.0731481 0.942871 
