0 0.458203 0.391435 0.0484375 0.062037 0.572266 
0 0.430729 0.853009 0.0458333 0.0462963 0.667969 
0 0.48112 0.911574 0.0515625 0.0351852 0.687012 
0 0.284123 0.425694 0.0343587 0.0369213 0.785156 
1 0.480599 0.292593 0.0559896 0.0611111 0.851074 
1 0.470833 0.819676 0.0223958 0.0847222 0.859375 
0 0.422656 0.698148 0.0489583 0.0513889 0.881836 
0 0.374382 0.718287 0.0496745 0.0393519 0.888184 
0 0.482682 0.882755 0.0473958 0.0409722 0.888672 
0 0.721094 0.52037 0.0210938 0.0888889 0.905762 
0 0.381087 0.620949 0.026888 0.0969907 0.90625 
0 0.358203 0.790046 0.0360677 0.075463 0.908203 
0 0.546061 0.702778 0.0235677 0.0949074 0.911133 
0 0.691797 0.325 0.0236979 0.0939815 0.911133 
0 0.666016 0.312037 0.0322917 0.0777778 0.911133 
0 0.378678 0.261053 0.029362 0.0936343 0.915527 
0 0.563932 0.596759 0.034375 0.0861111 0.916504 
0 0.530916 0.612269 0.049235 0.0634259 0.916992 
0 0.452083 0.726389 0.0309896 0.0791667 0.91748 
0 0.385156 0.17419 0.0320312 0.0953704 0.918457 
0 0.694922 0.614294 0.0265625 0.0982639 0.918457 
0 0.284635 0.399074 0.034375 0.0907407 0.919434 
0 0.562972 0.493171 0.0290039 0.0979167 0.919922 
0 0.425781 0.641609 0.0307292 0.0982639 0.919922 
0 0.499023 0.167361 0.0597656 0.0516204 0.920898 
0 0.456641 0.770139 0.0244792 0.0819444 0.921387 
0 0.529167 0.738194 0.0385417 0.0773148 0.921875 
0 0.491536 0.7125 0.0497396 0.0476852 0.922363 
0 0.617025 0.553704 0.0531901 0.0462963 0.924316 
0 0.320052 0.499002 0.0265625 0.0980613 0.924805 
0 0.317448 0.305093 0.0329427 0.0981481 0.925781 
0 0.663542 0.538426 0.0260417 0.100926 0.925781 
0 0.324658 0.588773 0.0263346 0.103704 0.92627 
0 0.28162 0.550926 0.0320068 0.0900463 0.926758 
1 0.591406 0.758102 0.0442708 0.0662037 0.927246 
0 0.638379 0.752778 0.0294922 0.0847222 0.928711 
0 0.676953 0.625463 0.0236979 0.0939815 0.928711 
0 0.527816 0.549537 0.0562826 0.05 0.929199 
0 0.685417 0.433333 0.028125 0.1 0.932617 
0 0.560579 0.1068 0.0541016 0.0405671 0.933105 
0 0.325081 0.693056 0.036556 0.0791667 0.934082 
0 0.346029 0.428009 0.0375 0.0814815 0.93457 
0 0.622135 0.361806 0.0317708 0.0981481 0.93457 
0 0.628385 0.215741 0.0424479 0.0814815 0.93457 
0 0.629687 0.428009 0.0570312 0.0409722 0.935059 
0 0.37474 0.332176 0.0364583 0.0967593 0.936523 
0 0.547656 0.825 0.0546875 0.0486111 0.937988 
0 0.607878 0.608218 0.0365885 0.0858796 0.938965 
0 0.397949 0.760185 0.0499349 0.0638889 0.939941 
0 0.50013 0.350231 0.0367188 0.0939815 0.940918 
0 0.468229 0.202894 0.059375 0.0506944 0.948242 
