0 0.690177 0.422106 0.0475098 0.0294271 0.724609 
0 0.702865 0.561024 0.0447917 0.103877 0.90625 
0 0.475781 0.15544 0.0526042 0.0631944 0.906738 
0 0.430729 0.376389 0.0549479 0.0444444 0.907715 
0 0.630794 0.679398 0.0238281 0.107407 0.912109 
0 0.427995 0.637153 0.0265625 0.103009 0.912598 
0 0.542708 0.703009 0.0584635 0.0532407 0.913574 
0 0.408333 0.746759 0.0432292 0.0953704 0.915039 
1 0.381478 0.569097 0.0542318 0.0520833 0.915527 
0 0.54668 0.7875 0.0361328 0.106019 0.916992 
0 0.492578 0.236343 0.0380208 0.0847222 0.916992 
0 0.674349 0.191319 0.0296875 0.0865741 0.91748 
0 0.577865 0.528241 0.0630208 0.0527778 0.918457 
0 0.471615 0.544676 0.03125 0.103241 0.918457 
0 0.646224 0.185417 0.0427083 0.0814815 0.919434 
0 0.598177 0.641609 0.0544271 0.0630787 0.920898 
0 0.453906 0.46985 0.0583333 0.0592593 0.921387 
0 0.354036 0.596528 0.0584635 0.0555556 0.921875 
0 0.698177 0.312963 0.0333333 0.0986111 0.922363 
0 0.50293 0.308333 0.043099 0.0893519 0.922852 
1 0.465234 0.369907 0.0450521 0.0675926 0.92334 
0 0.461719 0.862037 0.0440104 0.0796296 0.924316 
1 0.483854 0.124855 0.0510417 0.0465856 0.924805 
1 0.416146 0.434028 0.0359375 0.0939815 0.925293 
0 0.402995 0.635301 0.0403646 0.093287 0.927734 
0 0.352669 0.325694 0.0438802 0.0782407 0.929199 
0 0.56901 0.456641 0.0291667 0.0989873 0.930664 
0 0.516992 0.647685 0.0535156 0.062037 0.931152 
0 0.469661 0.660012 0.0580729 0.0679398 0.931152 
0 0.384115 0.654572 0.0265625 0.0922454 0.931641 
0 0.379525 0.449942 0.0537109 0.0655093 0.932617 
0 0.68763 0.403472 0.0546875 0.0662037 0.933105 
0 0.646224 0.427315 0.0570312 0.0587963 0.933105 
0 0.604297 0.297222 0.05 0.0805556 0.934082 
0 0.53431 0.616551 0.053776 0.0729167 0.937012 
0 0.556136 0.232639 0.0392904 0.106481 0.937988 
0 0.320312 0.453342 0.0470052 0.0845197 0.943848 
0 0.585156 0.139005 0.0563802 0.0490741 0.944336 
