1 0.632585 0.362269 0.0595703 0.0648148 0.567871 
0 0.379167 0.522135 0.06875 0.0548032 0.581055 
1 0.429948 0.104543 0.0591146 0.0404514 0.617188 
0 0.677804 0.604167 0.0226481 0.0777778 0.659668 
0 0.651302 0.176157 0.0453125 0.0782407 0.717773 
1 0.414323 0.133796 0.0591146 0.0300926 0.765137 
0 0.506445 0.427315 0.0511719 0.0856481 0.792969 
1 0.599544 0.442405 0.0484375 0.0693576 0.802246 
1 0.439583 0.449002 0.0466146 0.0823206 0.807617 
0 0.43112 0.772685 0.028125 0.109722 0.876953 
1 0.372624 0.599306 0.0287109 0.105556 0.887695 
0 0.482422 0.83287 0.0255208 0.109259 0.88916 
0 0.398698 0.182176 0.0395833 0.0898148 0.890137 
0 0.522111 0.865972 0.0297363 0.0939815 0.899414 
0 0.620475 0.501389 0.0611328 0.0453704 0.902832 
1 0.583789 0.168403 0.0541667 0.0532407 0.904297 
0 0.581901 0.826389 0.0313802 0.108333 0.904785 
0 0.503711 0.876505 0.0264323 0.0997685 0.90625 
1 0.501497 0.32963 0.0324219 0.114815 0.90918 
0 0.454427 0.509722 0.0619792 0.0592593 0.913086 
0 0.572347 0.753935 0.0301758 0.105556 0.915039 
1 0.365039 0.667361 0.0436198 0.0967593 0.919922 
0 0.330452 0.66765 0.0518555 0.0929398 0.924316 
0 0.513281 0.650926 0.0541667 0.0810185 0.926758 
0 0.486198 0.574508 0.0408854 0.113021 0.927734 
1 0.686328 0.283565 0.0394531 0.05 0.932129 
1 0.554102 0.672049 0.0536458 0.0688657 0.932129 
0 0.554753 0.4614 0.0376302 0.108102 0.933105 
0 0.329232 0.45463 0.0609375 0.0675926 0.934082 
0 0.54113 0.224363 0.0607096 0.065625 0.936523 
