0 0.508443 0.799074 0.0170329 0.0574074 0.752441 
0 0.708008 0.659664 0.0267578 0.0862269 0.842285 
0 0.612793 0.18044 0.0499349 0.0585648 0.872559 
0 0.661198 0.756019 0.0479167 0.0393519 0.874512 
0 0.610938 0.772454 0.0382813 0.0819444 0.883301 
0 0.598698 0.201042 0.0472656 0.0497685 0.883301 
0 0.546973 0.423799 0.0529297 0.0328414 0.888184 
0 0.531315 0.224653 0.0321615 0.0840278 0.894531 
0 0.495443 0.728009 0.0247396 0.0958333 0.895996 
0 0.367643 0.290278 0.0240885 0.0898148 0.904297 
0 0.370833 0.65162 0.0544271 0.0481481 0.90625 
0 0.71888 0.543837 0.0419271 0.0463542 0.907227 
0 0.554818 0.659028 0.0263021 0.105093 0.908203 
0 0.358594 0.245891 0.0507812 0.0545139 0.908691 
0 0.498307 0.381944 0.0518229 0.0675926 0.912109 
0 0.68724 0.5125 0.0351562 0.0861111 0.912109 
0 0.708439 0.591435 0.0482259 0.0395833 0.912598 
0 0.717969 0.362731 0.0299479 0.0967593 0.913574 
0 0.323356 0.427199 0.0301107 0.0965278 0.914551 
0 0.311068 0.562963 0.0480469 0.0592593 0.915039 
0 0.44401 0.757639 0.0528646 0.0458333 0.91748 
0 0.518982 0.758796 0.0291585 0.0726852 0.918457 
0 0.496484 0.803241 0.0398437 0.0638889 0.919434 
0 0.637467 0.350231 0.0313151 0.0967593 0.921387 
0 0.577344 0.768287 0.0270833 0.0935185 0.921875 
0 0.423698 0.240278 0.0317708 0.0986111 0.921875 
0 0.477083 0.238426 0.040625 0.0953704 0.921875 
0 0.413932 0.501389 0.0580729 0.0488426 0.922363 
0 0.560482 0.219444 0.0514323 0.049537 0.922363 
0 0.330469 0.353241 0.0483073 0.0643519 0.924805 
0 0.588477 0.535532 0.0273438 0.105556 0.926758 
0 0.432943 0.53044 0.0520833 0.0534722 0.927246 
0 0.40651 0.338426 0.0549479 0.0527778 0.928223 
0 0.676953 0.573843 0.0450521 0.0618056 0.930176 
0 0.484115 0.50787 0.0278646 0.0972222 0.932129 
0 0.618099 0.444683 0.0523438 0.0507957 0.932129 
0 0.46862 0.812037 0.0283854 0.0824074 0.935059 
0 0.542969 0.509722 0.0442708 0.0851852 0.940918 
0 0.438281 0.648843 0.0385417 0.0902778 0.941895 
