0 0.508626 0.323148 0.0170247 0.0643519 0.545898 
1 0.432682 0.480556 0.0578125 0.0592593 0.581543 
0 0.533358 0.574537 0.0351074 0.0361111 0.666992 
0 0.495573 0.124855 0.0283854 0.0891782 0.711426 
0 0.533789 0.678935 0.0475911 0.0782407 0.771973 
1 0.456901 0.556944 0.0356771 0.100694 0.805176 
0 0.547062 0.406019 0.0286621 0.112963 0.838379 
0 0.513472 0.386574 0.0272217 0.0740741 0.856934 
0 0.323437 0.410185 0.0197917 0.0638889 0.862793 
0 0.38903 0.572685 0.0341797 0.0388889 0.878906 
0 0.319189 0.619387 0.0236003 0.104282 0.888672 
0 0.323372 0.362037 0.0574219 0.0467593 0.890625 
1 0.297917 0.608507 0.0276042 0.0945602 0.894531 
0 0.530794 0.170833 0.0477865 0.0831019 0.902344 
0 0.532552 0.607118 0.0363932 0.102431 0.904785 
0 0.457422 0.82037 0.0645833 0.0587963 0.910645 
0 0.395052 0.793981 0.0419271 0.0981481 0.910645 
0 0.365169 0.63287 0.0488281 0.0842593 0.911133 
0 0.364193 0.199132 0.0300781 0.102662 0.914551 
0 0.409115 0.273843 0.0583333 0.0648148 0.916016 
0 0.281136 0.518924 0.0435221 0.0890046 0.916504 
0 0.62487 0.746296 0.0372396 0.1 0.918457 
1 0.353809 0.683333 0.0611328 0.0421296 0.918457 
0 0.486393 0.325926 0.0621094 0.0685185 0.921387 
0 0.550553 0.315278 0.0590495 0.0527778 0.92334 
0 0.42513 0.241898 0.0338542 0.0939815 0.923828 
1 0.365365 0.742593 0.0416667 0.0768519 0.923828 
1 0.346484 0.269444 0.0240885 0.100463 0.926758 
0 0.679224 0.44456 0.0251139 0.0969907 0.928711 
0 0.389844 0.60787 0.0315104 0.107407 0.929688 
0 0.544792 0.258796 0.0322917 0.0986111 0.930664 
1 0.396875 0.500738 0.0291667 0.114034 0.931641 
1 0.464323 0.445486 0.0291667 0.109028 0.935059 
0 0.389583 0.304861 0.0583333 0.0560185 0.938477 
0 0.338997 0.40463 0.0520833 0.0759259 0.939941 
0 0.484635 0.726389 0.0513021 0.0930556 0.939941 
0 0.583203 0.628472 0.0552083 0.0782407 0.941895 
1 0.378809 0.35787 0.048112 0.0699074 0.942871 
0 0.323112 0.724306 0.0440104 0.0916667 0.942871 
0 0.533887 0.495833 0.0590495 0.0703704 0.944824 
0 0.636198 0.605556 0.0489583 0.0777778 0.946289 
0 0.645215 0.521759 0.0561849 0.0694444 0.951172 
1 0.595573 0.312731 0.0498698 0.075 0.95166 
