0 0.631185 0.424674 0.0329427 0.035026 0.701172 
1 0.720313 0.452778 0.016862 0.0861111 0.715332 
1 0.352539 0.246296 0.0393229 0.075 0.719727 
1 0.522201 0.13614 0.0451823 0.0411458 0.727051 
0 0.704427 0.699306 0.0307292 0.0773148 0.801758 
1 0.41224 0.581944 0.0541667 0.0393519 0.838867 
0 0.338607 0.388194 0.0523438 0.0444444 0.873535 
1 0.555208 0.451613 0.053125 0.0487413 0.883789 
0 0.632682 0.400694 0.034375 0.0828704 0.886719 
0 0.448047 0.103935 0.0513021 0.0425926 0.887207 
0 0.296875 0.598727 0.0307292 0.0800926 0.898926 
0 0.553337 0.855324 0.0417643 0.0541667 0.905762 
1 0.686092 0.291898 0.0358887 0.0736111 0.906738 
1 0.34349 0.355556 0.0497396 0.0402778 0.913086 
1 0.440755 0.145833 0.0546875 0.0534722 0.916992 
0 0.52194 0.189468 0.055599 0.044213 0.918457 
0 0.45612 0.677778 0.053125 0.0467593 0.918457 
1 0.586003 0.586458 0.0532552 0.0430556 0.922363 
1 0.498828 0.721296 0.0398437 0.062963 0.923828 
1 0.378776 0.472396 0.0226562 0.0975694 0.925781 
1 0.595573 0.149537 0.0341146 0.0784722 0.92627 
0 0.534896 0.693519 0.0494792 0.0486111 0.927246 
1 0.472135 0.624074 0.0231771 0.0953704 0.928711 
1 0.334961 0.231713 0.0300781 0.087037 0.929199 
0 0.654134 0.684722 0.0422526 0.050463 0.929199 
0 0.41901 0.767361 0.0252604 0.0875 0.929688 
1 0.409375 0.531019 0.0346354 0.0761574 0.930176 
0 0.647656 0.22772 0.0484375 0.0459491 0.930664 
1 0.44401 0.51765 0.05625 0.0403935 0.931152 
0 0.644922 0.779167 0.0375 0.0736111 0.931152 
1 0.367969 0.528241 0.0227865 0.0962963 0.932129 
0 0.667448 0.437153 0.0231771 0.0951389 0.933105 
0 0.407031 0.629051 0.0432292 0.0678241 0.935059 
1 0.606771 0.36713 0.0230469 0.0981481 0.9375 
0 0.503385 0.370833 0.0588542 0.0486111 0.938965 
0 0.560905 0.519907 0.0445964 0.075 0.939453 
0 0.638021 0.619039 0.0484375 0.0554398 0.939453 
0 0.690039 0.6875 0.0273438 0.0791667 0.940918 
0 0.580794 0.210648 0.0414062 0.075 0.945801 
1 0.67474 0.604861 0.0231771 0.0962963 0.946777 
0 0.562956 0.340972 0.043099 0.0828704 0.94873 
1 0.402637 0.269444 0.0551432 0.0458333 0.949707 
