1 0.658724 0.296528 0.0445313 0.0662037 0.611816 
1 0.516471 0.855556 0.0328125 0.0319444 0.626953 
0 0.536491 0.235069 0.0205078 0.122454 0.628418 
1 0.569971 0.848611 0.0514648 0.0356481 0.635742 
0 0.465495 0.27338 0.0450521 0.0837963 0.70752 
0 0.330664 0.288194 0.0390625 0.0819444 0.742676 
0 0.422917 0.871181 0.0380208 0.06875 0.80957 
1 0.329297 0.440856 0.0251302 0.102546 0.833008 
0 0.59043 0.226157 0.0552083 0.0490741 0.859375 
0 0.43763 0.113542 0.0588542 0.0393519 0.893555 
0 0.456641 0.858333 0.0463542 0.0694444 0.897461 
0 0.365234 0.161574 0.0507812 0.0740741 0.907715 
0 0.457292 0.514352 0.0276042 0.111111 0.914551 
0 0.355729 0.540741 0.024349 0.10463 0.914551 
0 0.351302 0.334722 0.0265625 0.112037 0.91748 
0 0.598763 0.54213 0.0347656 0.0972222 0.918945 
0 0.54799 0.496412 0.0391764 0.0847222 0.919922 
0 0.589779 0.344676 0.0385417 0.114352 0.924316 
0 0.389323 0.556019 0.0359375 0.103241 0.929688 
0 0.600195 0.451736 0.0375 0.0881944 0.93457 
0 0.549528 0.546528 0.0470378 0.0784722 0.935059 
0 0.435807 0.196296 0.0554687 0.0493056 0.935547 
0 0.368359 0.667072 0.0328125 0.101042 0.937012 
0 0.444922 0.617477 0.0494792 0.0761574 0.938477 
0 0.525952 0.655498 0.0500488 0.0695602 0.943359 
