0 0.51818 0.297917 0.0360352 0.0361111 0.502441 
1 0.471615 0.889236 0.0507812 0.0363426 0.530273 
1 0.450521 0.556019 0.0372396 0.0712963 0.632324 
1 0.604688 0.425817 0.0453125 0.0363281 0.65332 
0 0.525195 0.232118 0.0479818 0.0552083 0.720215 
0 0.569906 0.427083 0.0450846 0.0768519 0.779785 
1 0.591016 0.525 0.0307292 0.0824074 0.805664 
1 0.325846 0.774537 0.0375 0.062037 0.806152 
1 0.590169 0.348843 0.0488281 0.0347222 0.806641 
1 0.601172 0.485185 0.0195312 0.0990741 0.82666 
1 0.328174 0.436574 0.0316732 0.087037 0.864258 
0 0.514844 0.584606 0.0432292 0.0699074 0.868652 
1 0.341797 0.598611 0.0229167 0.0868056 0.874023 
1 0.54528 0.305093 0.0472005 0.0569444 0.874023 
1 0.347786 0.483681 0.0492187 0.0418981 0.881836 
1 0.482292 0.582407 0.0231771 0.0875 0.882324 
1 0.447135 0.329861 0.0270833 0.0847222 0.88623 
1 0.695809 0.503356 0.034554 0.0511574 0.892578 
1 0.439453 0.627662 0.0479167 0.043287 0.900391 
1 0.489063 0.656019 0.0450521 0.062037 0.901367 
1 0.441536 0.274769 0.034375 0.0787037 0.90332 
1 0.450781 0.521759 0.0401042 0.0824074 0.905273 
1 0.606185 0.614699 0.0490885 0.0337963 0.914551 
0 0.523958 0.270833 0.0536458 0.0421296 0.916016 
1 0.633594 0.322454 0.0393229 0.0731481 0.919922 
1 0.520638 0.746528 0.036849 0.0699074 0.921387 
0 0.337956 0.547685 0.0388021 0.0740741 0.924316 
1 0.605273 0.766204 0.0454427 0.0388889 0.924805 
0 0.382552 0.546875 0.0494792 0.044213 0.925781 
1 0.692708 0.594097 0.0276042 0.0673611 0.929688 
1 0.656771 0.627257 0.0447917 0.0570602 0.933594 
1 0.509635 0.520631 0.0447917 0.0629051 0.936523 
1 0.637109 0.781481 0.0388021 0.0648148 0.937988 
1 0.290885 0.552778 0.0328125 0.0731481 0.940918 
1 0.608659 0.655093 0.0385417 0.0648148 0.941895 
