1 0.319271 0.720139 0.0265625 0.0773148 0.470215 
0 0.489714 0.762037 0.0591146 0.0532407 0.664551 
0 0.510059 0.756944 0.0201497 0.0648148 0.66748 
0 0.680054 0.279167 0.0159993 0.0967593 0.733887 
0 0.404687 0.490741 0.0536458 0.0722222 0.799805 
1 0.398568 0.865741 0.0486979 0.0592593 0.813477 
0 0.62002 0.756944 0.0432943 0.0805556 0.864258 
1 0.489648 0.434954 0.0660156 0.0398148 0.870605 
0 0.740365 0.463079 0.0390625 0.0664352 0.885742 
0 0.37526 0.821759 0.0544271 0.0509259 0.887207 
0 0.358984 0.514468 0.0454427 0.0988426 0.895508 
0 0.355339 0.646528 0.0445313 0.0712963 0.899902 
0 0.649089 0.280787 0.0513021 0.0444444 0.902832 
0 0.730176 0.503241 0.0490234 0.05 0.902832 
0 0.432682 0.357639 0.0315104 0.100926 0.905273 
0 0.614876 0.687037 0.0600911 0.0467593 0.907227 
0 0.465495 0.726157 0.059375 0.0453704 0.908691 
0 0.559896 0.397222 0.0260417 0.103241 0.911621 
0 0.598242 0.874884 0.0427083 0.0724537 0.912598 
0 0.483984 0.261111 0.0320312 0.106481 0.915039 
0 0.546354 0.85706 0.025 0.104398 0.915527 
0 0.584961 0.358333 0.0236979 0.109259 0.916504 
0 0.597917 0.280556 0.0582031 0.0476852 0.91748 
0 0.573454 0.877894 0.0356445 0.0849537 0.925293 
0 0.325781 0.643287 0.0510417 0.0638889 0.925293 
0 0.697681 0.338657 0.044873 0.0509259 0.925781 
0 0.647396 0.208912 0.053125 0.0613426 0.928223 
0 0.54974 0.271991 0.0307292 0.0958333 0.930176 
1 0.718685 0.538455 0.0523438 0.0457755 0.931641 
0 0.51849 0.559722 0.0546875 0.0657407 0.931641 
1 0.377799 0.365972 0.0496094 0.0648148 0.933594 
0 0.344271 0.715278 0.0513021 0.0564815 0.933594 
0 0.465104 0.487052 0.0544271 0.0800637 0.934082 
